Radial distance	delta n	
mm		
	208Bi-Ge	
-8,5	-4,02108351776351E-4
-8,495	-4,02418351776351E-4
-8,49	-4,02868351776351E-4
-8,485	-4,03958351776351E-4
-8,48	-4,04448351776351E-4
-8,475	-4,04598351776351E-4
-8,47	-4,04898351776351E-4
-8,465	-4,05008351776351E-4
-8,46	-4,04858351776351E-4
-8,455	-4,04718351776351E-4
-8,45	-4,04688351776351E-4
-8,445	-4,04618351776351E-4
-8,44	-4,04738351776351E-4
-8,435	-4,04998351776351E-4
-8,43	-4,05238351776351E-4
-8,425	-4,05628351776351E-4
-8,42	-4,05728351776351E-4
-8,415	-4,05398351776351E-4
-8,41	-4,05128351776351E-4
-8,405	-4,05288351776351E-4
-8,4	-4,05468351776351E-4
-8,395	-4,05088351776351E-4
-8,39	-4,04438351776351E-4
-8,385	-4,04008351776351E-4
-8,38	-4,03628351776351E-4
-8,375	-4,03248351776351E-4
-8,37	-4,03008351776351E-4
-8,365	-4,02458351776351E-4
-8,36	-4,01438351776351E-4
-8,355	-4,00258351776351E-4
-8,35	-3,99198351776351E-4
-8,345	-3,98158351776351E-4
-8,34	-3,96848351776351E-4
-8,335	-3,96168351776351E-4
-8,33	-3,95988351776351E-4
-8,325	-3,95728351776351E-4
-8,32	-3,95518351776351E-4
-8,315	-3,95278351776351E-4
-8,31	-3,95148351776351E-4
-8,305	-3,95178351776351E-4
-8,3	-3,94948351776351E-4
-8,295	-3,94348351776351E-4
-8,29	-3,93968351776351E-4
-8,285	-3,93618351776351E-4
-8,28	-3,93098351776351E-4
-8,275	-3,92928351776351E-4
-8,27	-3,93018351776351E-4
-8,265	-3,92758351776351E-4
-8,26	-3,92358351776351E-4
-8,255	-3,91998351776351E-4
-8,25	-3,91628351776351E-4
-8,245	-3,91198351776351E-4
-8,24	-3,90598351776351E-4
-8,235	-3,90028351776351E-4
-8,23	-3,89458351776351E-4
-8,225	-3,89018351776351E-4
-8,22	-3,89018351776351E-4
-8,215	-3,89158351776351E-4
-8,21	-3,89418351776351E-4
-8,205	-3,89698351776351E-4
-8,2	-3,89888351776351E-4
-8,195	-3,90328351776351E-4
-8,19	-3,90698351776351E-4
-8,185	-3,90878351776351E-4
-8,18	-3,91228351776351E-4
-8,175	-3,91558351776351E-4
-8,17	-3,91548351776351E-4
-8,165	-3,91268351776351E-4
-8,16	-3,90978351776351E-4
-8,155	-3,90678351776351E-4
-8,15	-3,90278351776351E-4
-8,145	-3,90068351776351E-4
-8,14	-3,90118351776351E-4
-8,135	-3,90338351776351E-4
-8,13	-3,90878351776351E-4
-8,125	-3,91628351776351E-4
-8,12	-3,92578351776351E-4
-8,115	-3,93628351776351E-4
-8,11	-3,94078351776351E-4
-8,105	-3,94108351776351E-4
-8,1	-3,94418351776351E-4
-8,095	-3,95068351776351E-4
-8,09	-3,95768351776351E-4
-8,085	-3,95978351776351E-4
-8,08	-3,95868351776351E-4
-8,075	-3,96038351776351E-4
-8,07	-3,96638351776351E-4
-8,065	-3,97618351776351E-4
-8,06	-3,98778351776351E-4
-8,055	-4,00118351776351E-4
-8,05	-4,01578351776351E-4
-8,045	-4,02908351776351E-4
-8,04	-4,03978351776351E-4
-8,035	-4,04998351776351E-4
-8,03	-4,06128351776351E-4
-8,025	-4,07438351776351E-4
-8,02	-4,08628351776351E-4
-8,015	-4,09728351776351E-4
-8,01	-4,10998351776351E-4
-8,005	-4,12078351776351E-4
-8	-4,13458351776351E-4
-7,995	-4,15098351776351E-4
-7,99	-4,16458351776351E-4
-7,985	-4,17458351776351E-4
-7,98	-4,18448351776351E-4
-7,975	-4,19288351776351E-4
-7,97	-4,20328351776351E-4
-7,965	-4,21588351776351E-4
-7,96	-4,22458351776351E-4
-7,955	-4,23028351776351E-4
-7,95	-4,23338351776351E-4
-7,945	-4,23728351776351E-4
-7,94	-4,24288351776351E-4
-7,935	-4,24668351776351E-4
-7,93	-4,24798351776351E-4
-7,925	-4,25208351776351E-4
-7,92	-4,25838351776351E-4
-7,915	-4,26438351776351E-4
-7,91	-4,26838351776351E-4
-7,905	-4,27238351776351E-4
-7,9	-4,27798351776351E-4
-7,895	-4,28478351776351E-4
-7,89	-4,29128351776351E-4
-7,885	-4,29768351776351E-4
-7,88	-4,30508351776351E-4
-7,875	-4,31258351776351E-4
-7,87	-4,32448351776351E-4
-7,865	-4,34128351776351E-4
-7,86	-4,35388351776351E-4
-7,855	-4,35938351776351E-4
-7,85	-4,36308351776351E-4
-7,845	-4,36728351776351E-4
-7,84	-4,37408351776351E-4
-7,835	-4,38028351776351E-4
-7,83	-4,38628351776351E-4
-7,825	-4,39328351776351E-4
-7,82	-4,39728351776351E-4
-7,815	-4,40088351776351E-4
-7,81	-4,41008351776351E-4
-7,805	-4,41828351776351E-4
-7,8	-4,42558351776351E-4
-7,795	-4,43348351776351E-4
-7,79	-4,44338351776351E-4
-7,785	-4,45568351776351E-4
-7,78	-4,46708351776351E-4
-7,775	-4,47788351776351E-4
-7,77	-4,48748351776351E-4
-7,765	-4,49788351776351E-4
-7,76	-4,50658351776351E-4
-7,755	-4,51438351776351E-4
-7,75	-4,52448351776351E-4
-7,745	-4,53378351776351E-4
-7,74	-4,54048351776351E-4
-7,735	-4,54698351776351E-4
-7,73	-4,55758351776351E-4
-7,725	-4,57048351776351E-4
-7,72	-4,58128351776351E-4
-7,715	-4,58568351776351E-4
-7,71	-4,58608351776351E-4
-7,705	-4,58178351776351E-4
-7,7	-4,57458351776351E-4
-7,695	-4,56888351776351E-4
-7,69	-4,56328351776351E-4
-7,685	-4,55528351776351E-4
-7,68	-4,54448351776351E-4
-7,675	-4,53068351776351E-4
-7,67	-4,51628351776351E-4
-7,665	-4,50138351776351E-4
-7,66	-4,48218351776351E-4
-7,655	-4,45758351776351E-4
-7,65	-4,41738351776351E-4
-7,645	-4,33428351776351E-4
-7,64	-4,17668351776351E-4
-7,635	-3,93538351776351E-4
-7,63	-3,64318351776351E-4
-7,625	-3,45778351776351E-4
-7,62	-3,56208351776351E-4
-7,615	-3,89578351776351E-4
-7,61	-4,22008351776351E-4
-7,605	-4,36298351776351E-4
-7,6	-4,34368351776351E-4
-7,595	-4,27078351776351E-4
-7,59	-4,19718351776351E-4
-7,585	-4,13568351776351E-4
-7,58	-4,08438351776351E-4
-7,575	-4,04188351776351E-4
-7,57	-4,00498351776351E-4
-7,565	-3,96788351776351E-4
-7,56	-3,93788351776351E-4
-7,555	-3,91538351776351E-4
-7,55	-3,89558351776351E-4
-7,545	-3,87678351776351E-4
-7,54	-3,85958351776351E-4
-7,535	-3,84218351776351E-4
-7,53	-3,82478351776351E-4
-7,525	-3,81118351776351E-4
-7,52	-3,79328351776351E-4
-7,515	-3,76898351776351E-4
-7,51	-3,74018351776351E-4
-7,505	-3,71878351776351E-4
-7,5	-3,70538351776351E-4
-7,495	-3,69458351776351E-4
-7,49	-3,68028351776351E-4
-7,485	-3,66228351776351E-4
-7,48	-3,64488351776351E-4
-7,475	-3,62868351776351E-4
-7,47	-3,61838351776351E-4
-7,465	-3,60558351776351E-4
-7,46	-3,58368351776351E-4
-7,455	-3,56618351776351E-4
-7,45	-3,55558351776351E-4
-7,445	-3,54268351776351E-4
-7,44	-3,52918351776351E-4
-7,435	-3,51578351776351E-4
-7,43	-3,50528351776351E-4
-7,425	-3,49418351776351E-4
-7,42	-3,48498351776351E-4
-7,415	-3,48008351776351E-4
-7,41	-3,47238351776351E-4
-7,405	-3,46048351776351E-4
-7,4	-3,44818351776351E-4
-7,395	-3,43708351776351E-4
-7,39	-3,42598351776351E-4
-7,385	-3,41828351776351E-4
-7,38	-3,40908351776351E-4
-7,375	-3,39748351776351E-4
-7,37	-3,38618351776351E-4
-7,365	-3,38008351776351E-4
-7,36	-3,38518351776351E-4
-7,355	-3,39558351776351E-4
-7,35	-3,40738351776351E-4
-7,345	-3,42148351776351E-4
-7,34	-3,43368351776351E-4
-7,335	-3,43908351776351E-4
-7,33	-3,43118351776351E-4
-7,325	-3,41378351776351E-4
-7,32	-3,39898351776351E-4
-7,315	-3,39278351776351E-4
-7,31	-3,38938351776351E-4
-7,305	-3,38368351776351E-4
-7,3	-3,38328351776351E-4
-7,295	-3,38318351776351E-4
-7,29	-3,38228351776351E-4
-7,285	-3,38158351776351E-4
-7,28	-3,38018351776351E-4
-7,275	-3,38448351776351E-4
-7,27	-3,39628351776351E-4
-7,265	-3,40948351776351E-4
-7,26	-3,41998351776351E-4
-7,255	-3,42948351776351E-4
-7,25	-3,43668351776351E-4
-7,245	-3,44368351776351E-4
-7,24	-3,45038351776351E-4
-7,235	-3,45328351776351E-4
-7,23	-3,45508351776351E-4
-7,225	-3,45678351776351E-4
-7,22	-3,45968351776351E-4
-7,215	-3,46528351776351E-4
-7,21	-3,46738351776351E-4
-7,205	-3,46488351776351E-4
-7,2	-3,46268351776351E-4
-7,195	-3,46448351776351E-4
-7,19	-3,46818351776351E-4
-7,185	-3,47198351776351E-4
-7,18	-3,47638351776351E-4
-7,175	-3,47838351776351E-4
-7,17	-3,47748351776351E-4
-7,165	-3,47618351776351E-4
-7,16	-3,47478351776351E-4
-7,155	-3,47018351776351E-4
-7,15	-3,46648351776351E-4
-7,145	-3,46148351776351E-4
-7,14	-3,45618351776351E-4
-7,135	-3,45208351776351E-4
-7,13	-3,44948351776351E-4
-7,125	-3,45138351776351E-4
-7,12	-3,45698351776351E-4
-7,115	-3,46078351776351E-4
-7,11	-3,46458351776351E-4
-7,105	-3,47138351776351E-4
-7,1	-3,47398351776351E-4
-7,095	-3,47618351776351E-4
-7,09	-3,47828351776351E-4
-7,085	-3,47618351776351E-4
-7,08	-3,47388351776351E-4
-7,075	-3,47548351776351E-4
-7,07	-3,47508351776351E-4
-7,065	-3,47078351776351E-4
-7,06	-3,46778351776351E-4
-7,055	-3,46558351776351E-4
-7,05	-3,46758351776351E-4
-7,045	-3,47218351776351E-4
-7,04	-3,47258351776351E-4
-7,035	-3,47308351776351E-4
-7,03	-3,47798351776351E-4
-7,025	-3,47878351776351E-4
-7,02	-3,47708351776351E-4
-7,015	-3,47508351776351E-4
-7,01	-3,47158351776351E-4
-7,005	-3,46888351776351E-4
-7	-3,46818351776351E-4
-6,995	-3,46938351776351E-4
-6,99	-3,47038351776351E-4
-6,985	-3,47388351776351E-4
-6,98	-3,47958351776351E-4
-6,975	-3,49118351776351E-4
-6,97	-3,50618351776351E-4
-6,965	-3,51778351776351E-4
-6,96	-3,52768351776351E-4
-6,955	-3,53588351776351E-4
-6,95	-3,54518351776351E-4
-6,945	-3,55728351776351E-4
-6,94	-3,56658351776351E-4
-6,935	-3,57258351776351E-4
-6,93	-3,57678351776351E-4
-6,925	-3,58418351776351E-4
-6,92	-3,59478351776351E-4
-6,915	-3,60548351776351E-4
-6,91	-3,61578351776351E-4
-6,905	-3,62868351776351E-4
-6,9	-3,64468351776351E-4
-6,895	-3,65948351776351E-4
-6,89	-3,67418351776351E-4
-6,885	-3,68298351776351E-4
-6,88	-3,69378351776351E-4
-6,875	-3,71078351776351E-4
-6,87	-3,72508351776351E-4
-6,865	-3,73768351776351E-4
-6,86	-3,74748351776351E-4
-6,855	-3,75428351776351E-4
-6,85	-3,76288351776351E-4
-6,845	-3,77258351776351E-4
-6,84	-3,78088351776351E-4
-6,835	-3,78818351776351E-4
-6,83	-3,79468351776351E-4
-6,825	-3,80348351776351E-4
-6,82	-3,81578351776351E-4
-6,815	-3,82648351776351E-4
-6,81	-3,83218351776351E-4
-6,805	-3,83668351776351E-4
-6,8	-3,84038351776351E-4
-6,795	-3,84338351776351E-4
-6,79	-3,84858351776351E-4
-6,785	-3,85608351776351E-4
-6,78	-3,86518351776351E-4
-6,775	-3,87298351776351E-4
-6,77	-3,87898351776351E-4
-6,765	-3,88168351776351E-4
-6,76	-3,88338351776351E-4
-6,755	-3,88968351776351E-4
-6,75	-3,89498351776351E-4
-6,745	-3,89628351776351E-4
-6,74	-3,89538351776351E-4
-6,735	-3,89378351776351E-4
-6,73	-3,89538351776351E-4
-6,725	-3,89698351776351E-4
-6,72	-3,89538351776351E-4
-6,715	-3,89308351776351E-4
-6,71	-3,89218351776351E-4
-6,705	-3,89398351776351E-4
-6,7	-3,90078351776351E-4
-6,695	-3,90998351776351E-4
-6,69	-3,91408351776351E-4
-6,685	-3,91378351776351E-4
-6,68	-3,91028351776351E-4
-6,675	-3,90548351776351E-4
-6,67	-3,90248351776351E-4
-6,665	-3,90068351776351E-4
-6,66	-3,89558351776351E-4
-6,655	-3,89168351776351E-4
-6,65	-3,89088351776351E-4
-6,645	-3,88698351776351E-4
-6,64	-3,88138351776351E-4
-6,635	-3,87728351776351E-4
-6,63	-3,87478351776351E-4
-6,625	-3,87148351776351E-4
-6,62	-3,86348351776351E-4
-6,615	-3,85738351776351E-4
-6,61	-3,85678351776351E-4
-6,605	-3,85628351776351E-4
-6,6	-3,85708351776351E-4
-6,595	-3,85518351776351E-4
-6,59	-3,85068351776351E-4
-6,585	-3,85128351776351E-4
-6,58	-3,85598351776351E-4
-6,575	-3,85988351776351E-4
-6,57	-3,85848351776351E-4
-6,565	-3,85318351776351E-4
-6,56	-3,85148351776351E-4
-6,555	-3,85278351776351E-4
-6,55	-3,85588351776351E-4
-6,545	-3,86278351776351E-4
-6,54	-3,86948351776351E-4
-6,535	-3,87368351776351E-4
-6,53	-3,87738351776351E-4
-6,525	-3,88768351776351E-4
-6,52	-3,89958351776351E-4
-6,515	-3,90578351776351E-4
-6,51	-3,91138351776351E-4
-6,505	-3,91948351776351E-4
-6,5	-3,92848351776351E-4
-6,495	-3,93308351776351E-4
-6,49	-3,93578351776351E-4
-6,485	-3,93628351776351E-4
-6,48	-3,93608351776351E-4
-6,475	-3,93988351776351E-4
-6,47	-3,94388351776351E-4
-6,465	-3,94938351776351E-4
-6,46	-3,95818351776351E-4
-6,455	-3,96548351776351E-4
-6,45	-3,96758351776351E-4
-6,445	-3,96668351776351E-4
-6,44	-3,96818351776351E-4
-6,435	-3,97088351776351E-4
-6,43	-3,97128351776351E-4
-6,425	-3,97328351776351E-4
-6,42	-3,97578351776351E-4
-6,415	-3,97578351776351E-4
-6,41	-3,97608351776351E-4
-6,405	-3,97848351776351E-4
-6,4	-3,98338351776351E-4
-6,395	-3,98558351776351E-4
-6,39	-3,98228351776351E-4
-6,385	-3,97958351776351E-4
-6,38	-3,97548351776351E-4
-6,375	-3,97588351776351E-4
-6,37	-3,98308351776351E-4
-6,365	-3,99178351776351E-4
-6,36	-3,99848351776351E-4
-6,355	-4,00108351776351E-4
-6,35	-4,00728351776351E-4
-6,345	-4,01908351776351E-4
-6,34	-4,03318351776351E-4
-6,335	-4,04558351776351E-4
-6,33	-4,05908351776351E-4
-6,325	-4,07728351776351E-4
-6,32	-4,09468351776351E-4
-6,315	-4,10668351776351E-4
-6,31	-4,11158351776351E-4
-6,305	-4,11118351776351E-4
-6,3	-4,10568351776351E-4
-6,295	-4,09578351776351E-4
-6,29	-4,08638351776351E-4
-6,285	-4,08248351776351E-4
-6,28	-4,08308351776351E-4
-6,275	-4,08368351776351E-4
-6,27	-4,07888351776351E-4
-6,265	-4,07108351776351E-4
-6,26	-4,06888351776351E-4
-6,255	-4,06968351776351E-4
-6,25	-4,07278351776351E-4
-6,245	-4,07918351776351E-4
-6,24	-4,08738351776351E-4
-6,235	-4,09448351776351E-4
-6,23	-4,09958351776351E-4
-6,225	-4,10568351776351E-4
-6,22	-4,10988351776351E-4
-6,215	-4,11058351776351E-4
-6,21	-4,10658351776351E-4
-6,205	-4,10248351776351E-4
-6,2	-4,09978351776351E-4
-6,195	-4,09448351776351E-4
-6,19	-4,09028351776351E-4
-6,185	-4,08888351776351E-4
-6,18	-4,08568351776351E-4
-6,175	-4,08428351776351E-4
-6,17	-4,08778351776351E-4
-6,165	-4,09228351776351E-4
-6,16	-4,09818351776351E-4
-6,155	-4,10548351776351E-4
-6,15	-4,11288351776351E-4
-6,145	-4,11878351776351E-4
-6,14	-4,12428351776351E-4
-6,135	-4,12708351776351E-4
-6,13	-4,12808351776351E-4
-6,125	-4,12938351776351E-4
-6,12	-4,13328351776351E-4
-6,115	-4,13728351776351E-4
-6,11	-4,13648351776351E-4
-6,105	-4,13458351776351E-4
-6,1	-4,13048351776351E-4
-6,095	-4,12598351776351E-4
-6,09	-4,12468351776351E-4
-6,085	-4,12638351776351E-4
-6,08	-4,12898351776351E-4
-6,075	-4,13008351776351E-4
-6,07	-4,13028351776351E-4
-6,065	-4,12988351776351E-4
-6,06	-4,12908351776351E-4
-6,055	-4,13348351776351E-4
-6,05	-4,13368351776351E-4
-6,045	-4,13878351776351E-4
-6,04	-4,14978351776351E-4
-6,035	-4,15268351776351E-4
-6,03	-4,16098351776351E-4
-6,025	-4,16668351776351E-4
-6,02	-4,16608351776351E-4
-6,015	-4,16488351776351E-4
-6,01	-4,16298351776351E-4
-6,005	-4,16348351776351E-4
-6	-4,16658351776351E-4
-5,995	-4,17028351776351E-4
-5,99	-4,17628351776351E-4
-5,985	-4,18358351776351E-4
-5,98	-4,18858351776351E-4
-5,975	-4,19598351776351E-4
-5,97	-4,20338351776351E-4
-5,965	-4,20978351776351E-4
-5,96	-4,21608351776351E-4
-5,955	-4,22208351776351E-4
-5,95	-4,22938351776351E-4
-5,945	-4,23288351776351E-4
-5,94	-4,23368351776351E-4
-5,935	-4,23878351776351E-4
-5,93	-4,25018351776351E-4
-5,925	-4,25908351776351E-4
-5,92	-4,25658351776351E-4
-5,915	-4,22138351776351E-4
-5,91	-4,13018351776351E-4
-5,905	-3,96088351776351E-4
-5,9	-3,71708351776351E-4
-5,895	-3,44108351776351E-4
-5,89	-3,15288351776351E-4
-5,885	-2,87258351776351E-4
-5,88	-2,62328351776351E-4
-5,875	-2,40908351776351E-4
-5,87	-2,21288351776351E-4
-5,865	-2,03718351776351E-4
-5,86	-1,88188351776351E-4
-5,855	-1,76418351776351E-4
-5,85	-1,66578351776351E-4
-5,845	-1,59068351776351E-4
-5,84	-1,54218351776351E-4
-5,835	-1,50638351776351E-4
-5,83	-1,46658351776351E-4
-5,825	-1,43158351776351E-4
-5,82	-1,39378351776351E-4
-5,815	-1,35948351776351E-4
-5,81	-1,32688351776351E-4
-5,805	-1,28618351776351E-4
-5,8	-1,24338351776351E-4
-5,795	-1,19758351776351E-4
-5,79	-1,14888351776351E-4
-5,785	-1,10768351776351E-4
-5,78	-1,06808351776351E-4
-5,775	-1,03228351776351E-4
-5,77	-9,98583517763511E-5
-5,765	-9,61883517763511E-5
-5,76	-9,25983517763511E-5
-5,755	-8,89283517763511E-5
-5,75	-8,51483517763511E-5
-5,745	-8,15283517763511E-5
-5,74	-7,80883517763511E-5
-5,735	-7,45583517763511E-5
-5,73	-7,13983517763511E-5
-5,725	-6,86783517763511E-5
-5,72	-6,58183517763511E-5
-5,715	-6,24283517763511E-5
-5,71	-5,93683517763511E-5
-5,705	-5,65483517763511E-5
-5,7	-5,44783517763511E-5
-5,695	-5,35983517763511E-5
-5,69	-5,33683517763511E-5
-5,685	-5,28783517763511E-5
-5,68	-5,29883517763511E-5
-5,675	-5,32183517763511E-5
-5,67	-5,35883517763511E-5
-5,665	-5,39183517763511E-5
-5,66	-5,42083517763511E-5
-5,655	-5,38383517763511E-5
-5,65	-5,41483517763511E-5
-5,645	-5,47883517763511E-5
-5,64	-5,51983517763511E-5
-5,635	-5,54383517763511E-5
-5,63	-5,56283517763511E-5
-5,625	-5,61883517763511E-5
-5,62	-5,64983517763511E-5
-5,615	-5,73983517763511E-5
-5,61	-5,84183517763511E-5
-5,605	-5,89183517763511E-5
-5,6	-5,88983517763511E-5
-5,595	-5,91583517763511E-5
-5,59	-5,86883517763511E-5
-5,585	-5,84383517763511E-5
-5,58	-5,99283517763511E-5
-5,575	-6,08483517763511E-5
-5,57	-6,11983517763511E-5
-5,565	-6,14283517763511E-5
-5,56	-6,10483517763511E-5
-5,555	-6,02483517763511E-5
-5,55	-5,96383517763511E-5
-5,545	-5,92483517763511E-5
-5,54	-5,92983517763511E-5
-5,535	-5,98283517763511E-5
-5,53	-6,04483517763511E-5
-5,525	-6,10183517763511E-5
-5,52	-6,10983517763511E-5
-5,515	-6,13083517763511E-5
-5,51	-6,19283517763511E-5
-5,505	-6,19283517763511E-5
-5,5	-6,16883517763511E-5
-5,495	-6,09583517763511E-5
-5,49	-5,98483517763511E-5
-5,485	-5,83683517763511E-5
-5,48	-5,68283517763511E-5
-5,475	-5,53383517763511E-5
-5,47	-5,37583517763511E-5
-5,465	-5,19783517763511E-5
-5,46	-4,97183517763511E-5
-5,455	-4,79883517763511E-5
-5,45	-4,72083517763511E-5
-5,445	-4,67083517763511E-5
-5,44	-4,64383517763511E-5
-5,435	-4,59983517763511E-5
-5,43	-4,49283517763511E-5
-5,425	-4,36083517763511E-5
-5,42	-4,21283517763511E-5
-5,415	-4,03683517763511E-5
-5,41	-3,92483517763511E-5
-5,405	-3,89783517763511E-5
-5,4	-3,95283517763511E-5
-5,395	-3,99783517763511E-5
-5,39	-3,98783517763511E-5
-5,385	-3,92483517763511E-5
-5,38	-3,84783517763511E-5
-5,375	-3,75783517763511E-5
-5,37	-3,64883517763511E-5
-5,365	-3,51083517763511E-5
-5,36	-3,36683517763511E-5
-5,355	-3,31283517763511E-5
-5,35	-3,30283517763511E-5
-5,345	-3,32183517763511E-5
-5,34	-3,35183517763511E-5
-5,335	-3,40183517763511E-5
-5,33	-3,39683517763511E-5
-5,325	-3,34783517763511E-5
-5,32	-3,34483517763511E-5
-5,315	-3,41683517763511E-5
-5,31	-3,53083517763511E-5
-5,305	-3,63983517763511E-5
-5,3	-3,71483517763511E-5
-5,295	-3,78383517763511E-5
-5,29	-3,79383517763511E-5
-5,285	-3,81483517763511E-5
-5,28	-3,83283517763511E-5
-5,275	-3,77983517763511E-5
-5,27	-3,74383517763511E-5
-5,265	-3,74683517763511E-5
-5,26	-3,80083517763511E-5
-5,255	-3,88583517763511E-5
-5,25	-3,94483517763511E-5
-5,245	-4,05583517763511E-5
-5,24	-4,22183517763511E-5
-5,235	-4,40483517763511E-5
-5,23	-4,51383517763511E-5
-5,225	-4,46283517763511E-5
-5,22	-4,36483517763511E-5
-5,215	-4,28383517763511E-5
-5,21	-4,13383517763511E-5
-5,205	-3,96383517763511E-5
-5,2	-3,79983517763511E-5
-5,195	-3,61083517763511E-5
-5,19	-3,38483517763511E-5
-5,185	-3,09583517763511E-5
-5,18	-2,81183517763511E-5
-5,175	-2,65683517763511E-5
-5,17	-2,64883517763511E-5
-5,165	-2,63783517763511E-5
-5,16	-2,64783517763511E-5
-5,155	-2,66683517763511E-5
-5,15	-2,68483517763511E-5
-5,145	-2,65183517763511E-5
-5,14	-2,54783517763511E-5
-5,135	-2,43283517763511E-5
-5,13	-2,31383517763511E-5
-5,125	-2,01183517763511E-5
-5,12	-1,65883517763511E-5
-5,115	-1,38183517763511E-5
-5,11	-1,07983517763511E-5
-5,105	-8,09835177635111E-6
-5,1	-6,35835177635109E-6
-5,095	-5,54835177635107E-6
-5,09	-3,9183517763511E-6
-5,085	-1,55835177635108E-6
-5,08	5,81648223648898E-7
-5,075	2,37164822364889E-6
-5,07	4,16164822364894E-6
-5,065	5,74164822364894E-6
-5,06	6,84164822364891E-6
-5,055	7,62164822364894E-6
-5,05	8,27164822364893E-6
-5,045	9,41164822364893E-6
-5,04	1,06916482236489E-5
-5,035	1,09316482236489E-5
-5,03	1,01816482236489E-5
-5,025	8,67164822364894E-6
-5,02	7,14164822364892E-6
-5,015	6,04164822364889E-6
-5,01	4,47164822364889E-6
-5,005	2,76164822364891E-6
-5	1,4216482236489E-6
-4,995	-1,38351776351109E-7
-4,99	-2,00835177635106E-6
-4,985	-3,93835177635109E-6
-4,98	-5,31835177635108E-6
-4,975	-6,28835177635107E-6
-4,97	-7,28835177635109E-6
-4,965	-8,45835177635108E-6
-4,96	-9,54835177635106E-6
-4,955	-1,07983517763511E-5
-4,95	-1,24983517763511E-5
-4,945	-1,44183517763511E-5
-4,94	-1,61483517763511E-5
-4,935	-1,67483517763511E-5
-4,93	-1,65783517763511E-5
-4,925	-1,62183517763511E-5
-4,92	-1,57383517763511E-5
-4,915	-1,51583517763511E-5
-4,91	-1,47483517763511E-5
-4,905	-1,43083517763511E-5
-4,9	-1,44383517763511E-5
-4,895	-1,52283517763511E-5
-4,89	-1,61683517763511E-5
-4,885	-1,71883517763511E-5
-4,88	-1,75383517763511E-5
-4,875	-1,73783517763511E-5
-4,87	-1,79183517763511E-5
-4,865	-1,91483517763511E-5
-4,86	-2,03383517763511E-5
-4,855	-2,09683517763511E-5
-4,85	-2,10383517763511E-5
-4,845	-2,13483517763511E-5
-4,84	-2,12783517763511E-5
-4,835	-2,09783517763511E-5
-4,83	-2,08883517763511E-5
-4,825	-2,11983517763511E-5
-4,82	-2,14183517763511E-5
-4,815	-2,12183517763511E-5
-4,81	-2,10983517763511E-5
-4,805	-2,11083517763511E-5
-4,8	-2,10383517763511E-5
-4,795	-2,09283517763511E-5
-4,79	-2,12983517763511E-5
-4,785	-2,26683517763511E-5
-4,78	-2,44583517763511E-5
-4,775	-2,66683517763511E-5
-4,77	-2,87483517763511E-5
-4,765	-3,02583517763511E-5
-4,76	-3,21583517763511E-5
-4,755	-3,42283517763511E-5
-4,75	-3,64383517763511E-5
-4,745	-3,90483517763511E-5
-4,74	-4,17383517763511E-5
-4,735	-4,42683517763511E-5
-4,73	-4,62883517763511E-5
-4,725	-4,82983517763511E-5
-4,72	-5,05583517763511E-5
-4,715	-5,26283517763511E-5
-4,71	-5,51483517763511E-5
-4,705	-5,80383517763511E-5
-4,7	-6,02383517763511E-5
-4,695	-6,15883517763511E-5
-4,69	-6,21583517763511E-5
-4,685	-6,18883517763511E-5
-4,68	-6,14583517763511E-5
-4,675	-6,14783517763511E-5
-4,67	-6,19683517763511E-5
-4,665	-6,27783517763511E-5
-4,66	-6,47683517763511E-5
-4,655	-6,59883517763511E-5
-4,65	-6,59983517763511E-5
-4,645	-6,55283517763511E-5
-4,64	-6,39883517763511E-5
-4,635	-6,24183517763511E-5
-4,63	-6,15383517763511E-5
-4,625	-6,05083517763511E-5
-4,62	-5,90283517763511E-5
-4,615	-5,78583517763511E-5
-4,61	-5,70383517763511E-5
-4,605	-5,59183517763511E-5
-4,6	-5,47283517763511E-5
-4,595	-5,46183517763511E-5
-4,59	-5,41583517763511E-5
-4,585	-5,27283517763511E-5
-4,58	-5,05283517763511E-5
-4,575	-4,73483517763511E-5
-4,57	-4,42483517763511E-5
-4,565	-4,17883517763511E-5
-4,56	-3,93283517763511E-5
-4,555	-3,57683517763511E-5
-4,55	-3,18183517763511E-5
-4,545	-2,86083517763511E-5
-4,54	-2,58583517763511E-5
-4,535	-2,34983517763511E-5
-4,53	-2,13283517763511E-5
-4,525	-2,00383517763511E-5
-4,52	-1,90883517763511E-5
-4,515	-1,72683517763511E-5
-4,51	-1,51283517763511E-5
-4,505	-1,29983517763511E-5
-4,5	-1,05983517763511E-5
-4,495	-8,82835177635111E-6
-4,49	-7,51835177635108E-6
-4,485	-6,03835177635109E-6
-4,48	-5,51835177635109E-6
-4,475	-5,62835177635108E-6
-4,47	-5,82835177635109E-6
-4,465	-6,76835177635109E-6
-4,46	-7,56835177635111E-6
-4,455	-7,62835177635108E-6
-4,45	-7,96835177635107E-6
-4,445	-8,18835177635106E-6
-4,44	-7,75835177635107E-6
-4,435	-7,56835177635111E-6
-4,43	-7,32835177635107E-6
-4,425	-7,54835177635107E-6
-4,42	-8,45835177635108E-6
-4,415	-9,06835177635109E-6
-4,41	-9,51835177635108E-6
-4,405	-1,01883517763511E-5
-4,4	-1,07383517763511E-5
-4,395	-1,14883517763511E-5
-4,39	-1,26783517763511E-5
-4,385	-1,36283517763511E-5
-4,38	-1,46183517763511E-5
-4,375	-1,53883517763511E-5
-4,37	-1,62083517763511E-5
-4,365	-1,71783517763511E-5
-4,36	-1,79883517763511E-5
-4,355	-1,87083517763511E-5
-4,35	-1,93583517763511E-5
-4,345	-2,10983517763511E-5
-4,34	-2,36283517763511E-5
-4,335	-2,61883517763511E-5
-4,33	-2,92983517763511E-5
-4,325	-3,25183517763511E-5
-4,32	-3,52783517763511E-5
-4,315	-3,78183517763511E-5
-4,31	-4,04583517763511E-5
-4,305	-4,35183517763511E-5
-4,3	-4,65783517763511E-5
-4,295	-4,90483517763511E-5
-4,29	-5,13983517763511E-5
-4,285	-5,39083517763511E-5
-4,28	-5,63883517763511E-5
-4,275	-5,90383517763511E-5
-4,27	-6,22583517763511E-5
-4,265	-6,55183517763511E-5
-4,26	-6,81883517763511E-5
-4,255	-7,00783517763511E-5
-4,25	-7,18183517763511E-5
-4,245	-7,33383517763511E-5
-4,24	-7,46783517763511E-5
-4,235	-7,61683517763511E-5
-4,23	-7,78983517763511E-5
-4,225	-7,97983517763511E-5
-4,22	-8,18483517763511E-5
-4,215	-8,43283517763511E-5
-4,21	-8,66183517763511E-5
-4,205	-8,87083517763511E-5
-4,2	-9,13483517763511E-5
-4,195	-9,48083517763511E-5
-4,19	-9,81783517763511E-5
-4,185	-1,00398351776351E-4
-4,18	-1,01818351776351E-4
-4,175	-1,02918351776351E-4
-4,17	-1,04258351776351E-4
-4,165	-1,06208351776351E-4
-4,16	-1,08578351776351E-4
-4,155	-1,10418351776351E-4
-4,15	-1,10998351776351E-4
-4,145	-1,11568351776351E-4
-4,14	-1,11278351776351E-4
-4,135	-1,09688351776351E-4
-4,13	-1,08708351776351E-4
-4,125	-1,07858351776351E-4
-4,12	-1,04968351776351E-4
-4,115	-1,00688351776351E-4
-4,11	-9,70783517763511E-5
-4,105	-9,41383517763511E-5
-4,1	-9,16483517763511E-5
-4,095	-8,99383517763511E-5
-4,09	-8,84883517763511E-5
-4,085	-8,68283517763511E-5
-4,08	-8,49483517763511E-5
-4,075	-8,22983517763511E-5
-4,07	-7,99983517763511E-5
-4,065	-7,94083517763511E-5
-4,06	-7,92483517763511E-5
-4,055	-7,91883517763511E-5
-4,05	-7,86483517763511E-5
-4,045	-7,70583517763511E-5
-4,04	-7,52783517763511E-5
-4,035	-7,40983517763511E-5
-4,03	-7,33083517763511E-5
-4,025	-7,16983517763511E-5
-4,02	-6,91683517763511E-5
-4,015	-6,56883517763511E-5
-4,01	-6,12283517763511E-5
-4,005	-5,76283517763511E-5
-4	-5,52883517763511E-5
-3,995	-5,32683517763511E-5
-3,99	-5,14583517763511E-5
-3,985	-5,02483517763511E-5
-3,98	-5,09083517763511E-5
-3,975	-5,34583517763511E-5
-3,97	-5,62883517763511E-5
-3,965	-5,62983517763511E-5
-3,96	-5,13783517763511E-5
-3,955	-4,58183517763511E-5
-3,95	-4,10983517763511E-5
-3,945	-3,58383517763511E-5
-3,94	-3,08483517763511E-5
-3,935	-2,71183517763511E-5
-3,93	-2,55183517763511E-5
-3,925	-2,51683517763511E-5
-3,92	-2,39883517763511E-5
-3,915	-2,21883517763511E-5
-3,91	-2,06983517763511E-5
-3,905	-1,94283517763511E-5
-3,9	-1,77683517763511E-5
-3,895	-1,58983517763511E-5
-3,89	-1,38083517763511E-5
-3,885	-1,10983517763511E-5
-3,88	-9,51835177635108E-6
-3,875	-7,57835177635111E-6
-3,87	-4,10835177635106E-6
-3,865	-1,42835177635109E-6
-3,86	1,81648223648943E-7
-3,855	1,27164822364892E-6
-3,85	1,7316482236489E-6
-3,845	2,51164822364893E-6
-3,84	3,9316482236489E-6
-3,835	5,04164822364892E-6
-3,83	5,74164822364894E-6
-3,825	7,08164822364889E-6
-3,82	9,01164822364892E-6
-3,815	1,01416482236489E-5
-3,81	1,14116482236489E-5
-3,805	1,37316482236489E-5
-3,8	1,72116482236489E-5
-3,795	2,02516482236489E-5
-3,79	2,21616482236489E-5
-3,785	2,48916482236489E-5
-3,78	2,79616482236489E-5
-3,775	2,95216482236489E-5
-3,77	3,03016482236489E-5
-3,765	3,27716482236489E-5
-3,76	3,58016482236489E-5
-3,755	3,78216482236489E-5
-3,75	3,99816482236489E-5
-3,745	4,22316482236489E-5
-3,74	4,27916482236489E-5
-3,735	4,26516482236489E-5
-3,73	4,23316482236489E-5
-3,725	4,26616482236489E-5
-3,72	4,27516482236489E-5
-3,715	4,28116482236489E-5
-3,71	4,35216482236489E-5
-3,705	4,32716482236489E-5
-3,7	4,22316482236489E-5
-3,695	4,15716482236489E-5
-3,69	4,11716482236489E-5
-3,685	4,05416482236489E-5
-3,68	4,00916482236489E-5
-3,675	3,99216482236489E-5
-3,67	4,01416482236489E-5
-3,665	4,06716482236489E-5
-3,66	4,12416482236489E-5
-3,655	4,21616482236489E-5
-3,65	4,24816482236489E-5
-3,645	4,23216482236489E-5
-3,64	4,30116482236489E-5
-3,635	4,39216482236489E-5
-3,63	4,39816482236489E-5
-3,625	4,39216482236489E-5
-3,62	4,42116482236489E-5
-3,615	4,45816482236489E-5
-3,61	4,43616482236489E-5
-3,605	4,36916482236489E-5
-3,6	4,34716482236489E-5
-3,595	4,39516482236489E-5
-3,59	4,48116482236489E-5
-3,585	4,68116482236489E-5
-3,58	4,99316482236489E-5
-3,575	5,23316482236489E-5
-3,57	5,36916482236489E-5
-3,565	5,41716482236489E-5
-3,56	5,43016482236489E-5
-3,555	5,51316482236489E-5
-3,55	5,71416482236489E-5
-3,545	6,08516482236489E-5
-3,54	6,49216482236489E-5
-3,535	6,67816482236489E-5
-3,53	6,74916482236489E-5
-3,525	6,86616482236489E-5
-3,52	7,00316482236489E-5
-3,515	7,12616482236489E-5
-3,51	7,36416482236489E-5
-3,505	7,66816482236489E-5
-3,5	7,94616482236489E-5
-3,495	8,16716482236489E-5
-3,49	8,34816482236489E-5
-3,485	8,43216482236489E-5
-3,48	8,37316482236489E-5
-3,475	8,32316482236489E-5
-3,47	8,36416482236489E-5
-3,465	8,46716482236489E-5
-3,46	8,57616482236489E-5
-3,455	8,6951648223649E-5
-3,45	8,81816482236489E-5
-3,445	8,8921648223649E-5
-3,44	8,90716482236489E-5
-3,435	8,87716482236489E-5
-3,43	8,8501648223649E-5
-3,425	8,85116482236489E-5
-3,42	8,87616482236489E-5
-3,415	8,93316482236489E-5
-3,41	8,98016482236489E-5
-3,405	8,98016482236489E-5
-3,4	8,94016482236489E-5
-3,395	8,94916482236489E-5
-3,39	9,04316482236489E-5
-3,385	9,1751648223649E-5
-3,38	9,33316482236489E-5
-3,375	9,45116482236489E-5
-3,37	9,46116482236489E-5
-3,365	9,41116482236489E-5
-3,36	9,34816482236489E-5
-3,355	9,39116482236489E-5
-3,35	9,57016482236489E-5
-3,345	9,70616482236489E-5
-3,34	9,67816482236489E-5
-3,335	9,65016482236489E-5
-3,33	9,70916482236489E-5
-3,325	9,82416482236489E-5
-3,32	9,90616482236489E-5
-3,315	9,89216482236489E-5
-3,31	9,81016482236489E-5
-3,305	9,71816482236489E-5
-3,3	9,74716482236489E-5
-3,295	9,8161648223649E-5
-3,29	9,87016482236489E-5
-3,285	9,96616482236489E-5
-3,28	1,00871648223649E-4
-3,275	1,01771648223649E-4
-3,27	1,03331648223649E-4
-3,265	1,04971648223649E-4
-3,26	1,06381648223649E-4
-3,255	1,07751648223649E-4
-3,25	1,08331648223649E-4
-3,245	1,08521648223649E-4
-3,24	1,09421648223649E-4
-3,235	1,10961648223649E-4
-3,23	1,12321648223649E-4
-3,225	1,13611648223649E-4
-3,22	1,15131648223649E-4
-3,215	1,17321648223649E-4
-3,21	1,19351648223649E-4
-3,205	1,21161648223649E-4
-3,2	1,22091648223649E-4
-3,195	1,22231648223649E-4
-3,19	1,23061648223649E-4
-3,185	1,25731648223649E-4
-3,18	1,29511648223649E-4
-3,175	1,32741648223649E-4
-3,17	1,35251648223649E-4
-3,165	1,37001648223649E-4
-3,16	1,38211648223649E-4
-3,155	1,39001648223649E-4
-3,15	1,38841648223649E-4
-3,145	1,38481648223649E-4
-3,14	1,39631648223649E-4
-3,135	1,41291648223649E-4
-3,13	1,42541648223649E-4
-3,125	1,42821648223649E-4
-3,12	1,42841648223649E-4
-3,115	1,43751648223649E-4
-3,11	1,45301648223649E-4
-3,105	1,46881648223649E-4
-3,1	1,47171648223649E-4
-3,095	1,46451648223649E-4
-3,09	1,46021648223649E-4
-3,085	1,45941648223649E-4
-3,08	1,45421648223649E-4
-3,075	1,44251648223649E-4
-3,07	1,42731648223649E-4
-3,065	1,41791648223649E-4
-3,06	1,41671648223649E-4
-3,055	1,41471648223649E-4
-3,05	1,41101648223649E-4
-3,045	1,41371648223649E-4
-3,04	1,41601648223649E-4
-3,035	1,41711648223649E-4
-3,03	1,42431648223649E-4
-3,025	1,43751648223649E-4
-3,02	1,45701648223649E-4
-3,015	1,47601648223649E-4
-3,01	1,49381648223649E-4
-3,005	1,51101648223649E-4
-3	1,51451648223649E-4
-2,995	1,50971648223649E-4
-2,99	1,51231648223649E-4
-2,985	1,50791648223649E-4
-2,98	1,49741648223649E-4
-2,975	1,49331648223649E-4
-2,97	1,48941648223649E-4
-2,965	1,47111648223649E-4
-2,96	1,45341648223649E-4
-2,955	1,44711648223649E-4
-2,95	1,44091648223649E-4
-2,945	1,43111648223649E-4
-2,94	1,42031648223649E-4
-2,935	1,41781648223649E-4
-2,93	1,41871648223649E-4
-2,925	1,42371648223649E-4
-2,92	1,43021648223649E-4
-2,915	1,42541648223649E-4
-2,91	1,41941648223649E-4
-2,905	1,42881648223649E-4
-2,9	1,44971648223649E-4
-2,895	1,47511648223649E-4
-2,89	1,49071648223649E-4
-2,885	1,48801648223649E-4
-2,88	1,47221648223649E-4
-2,875	1,45481648223649E-4
-2,87	1,44331648223649E-4
-2,865	1,43541648223649E-4
-2,86	1,44131648223649E-4
-2,855	1,45031648223649E-4
-2,85	1,46341648223649E-4
-2,845	1,47661648223649E-4
-2,84	1,47861648223649E-4
-2,835	1,48861648223649E-4
-2,83	1,51441648223649E-4
-2,825	1,54451648223649E-4
-2,82	1,58731648223649E-4
-2,815	1,62961648223649E-4
-2,81	1,65851648223649E-4
-2,805	1,67711648223649E-4
-2,8	1,68911648223649E-4
-2,795	1,70621648223649E-4
-2,79	1,72751648223649E-4
-2,785	1,75321648223649E-4
-2,78	1,77981648223649E-4
-2,775	1,80431648223649E-4
-2,77	1,83031648223649E-4
-2,765	1,86131648223649E-4
-2,76	1,89571648223649E-4
-2,755	1,92481648223649E-4
-2,75	1,94341648223649E-4
-2,745	1,96711648223649E-4
-2,74	1,99461648223649E-4
-2,735	2,01781648223649E-4
-2,73	2,03061648223649E-4
-2,725	2,02921648223649E-4
-2,72	2,03191648223649E-4
-2,715	2,04681648223649E-4
-2,71	2,05391648223649E-4
-2,705	2,05871648223649E-4
-2,7	2,07251648223649E-4
-2,695	2,07561648223649E-4
-2,69	2,07901648223649E-4
-2,685	2,09611648223649E-4
-2,68	2,11581648223649E-4
-2,675	2,14671648223649E-4
-2,67	2,17991648223649E-4
-2,665	2,19711648223649E-4
-2,66	2,21021648223649E-4
-2,655	2,23571648223649E-4
-2,65	2,24951648223649E-4
-2,645	2,25491648223649E-4
-2,64	2,26761648223649E-4
-2,635	2,28421648223649E-4
-2,63	2,30701648223649E-4
-2,625	2,32511648223649E-4
-2,62	2,32811648223649E-4
-2,615	2,33291648223649E-4
-2,61	2,35311648223649E-4
-2,605	2,38801648223649E-4
-2,6	2,41661648223649E-4
-2,595	2,43391648223649E-4
-2,59	2,46321648223649E-4
-2,585	2,49191648223649E-4
-2,58	2,51171648223649E-4
-2,575	2,52341648223649E-4
-2,57	2,52601648223649E-4
-2,565	2,53351648223649E-4
-2,56	2,54491648223649E-4
-2,555	2,54531648223649E-4
-2,55	2,53661648223649E-4
-2,545	2,52981648223649E-4
-2,54	2,53091648223649E-4
-2,535	2,53001648223649E-4
-2,53	2,52571648223649E-4
-2,525	2,53081648223649E-4
-2,52	2,54391648223649E-4
-2,515	2,55011648223649E-4
-2,51	2,54751648223649E-4
-2,505	2,55371648223649E-4
-2,5	2,57011648223649E-4
-2,495	2,58211648223649E-4
-2,49	2,58201648223649E-4
-2,485	2,58581648223649E-4
-2,48	2,60921648223649E-4
-2,475	2,63111648223649E-4
-2,47	2,64361648223649E-4
-2,465	2,65631648223649E-4
-2,46	2,67011648223649E-4
-2,455	2,67471648223649E-4
-2,45	2,67231648223649E-4
-2,445	2,66391648223649E-4
-2,44	2,65361648223649E-4
-2,435	2,64801648223649E-4
-2,43	2,64671648223649E-4
-2,425	2,64791648223649E-4
-2,42	2,64601648223649E-4
-2,415	2,64121648223649E-4
-2,41	2,63201648223649E-4
-2,405	2,61811648223649E-4
-2,4	2,60121648223649E-4
-2,395	2,58871648223649E-4
-2,39	2,58021648223649E-4
-2,385	2,57681648223649E-4
-2,38	2,58201648223649E-4
-2,375	2,59441648223649E-4
-2,37	2,60051648223649E-4
-2,365	2,59561648223649E-4
-2,36	2,57101648223649E-4
-2,355	2,54441648223649E-4
-2,35	2,53701648223649E-4
-2,345	2,53651648223649E-4
-2,34	2,53561648223649E-4
-2,335	2,52451648223649E-4
-2,33	2,50721648223649E-4
-2,325	2,49901648223649E-4
-2,32	2,49761648223649E-4
-2,315	2,48381648223649E-4
-2,31	2,47871648223649E-4
-2,305	2,49951648223649E-4
-2,3	2,52711648223649E-4
-2,295	2,53571648223649E-4
-2,29	2,52101648223649E-4
-2,285	2,50111648223649E-4
-2,28	2,49001648223649E-4
-2,275	2,49721648223649E-4
-2,27	2,52411648223649E-4
-2,265	2,55881648223649E-4
-2,26	2,58111648223649E-4
-2,255	2,58731648223649E-4
-2,25	2,58041648223649E-4
-2,245	2,57451648223649E-4
-2,24	2,58711648223649E-4
-2,235	2,61531648223649E-4
-2,23	2,63301648223649E-4
-2,225	2,63461648223649E-4
-2,22	2,63371648223649E-4
-2,215	2,63751648223649E-4
-2,21	2,64911648223649E-4
-2,205	2,66441648223649E-4
-2,2	2,68041648223649E-4
-2,195	2,69161648223649E-4
-2,19	2,69761648223649E-4
-2,185	2,69291648223649E-4
-2,18	2,68931648223649E-4
-2,175	2,69011648223649E-4
-2,17	2,69541648223649E-4
-2,165	2,70271648223649E-4
-2,16	2,71491648223649E-4
-2,155	2,72921648223649E-4
-2,15	2,74271648223649E-4
-2,145	2,75901648223649E-4
-2,14	2,77201648223649E-4
-2,135	2,78221648223649E-4
-2,13	2,79461648223649E-4
-2,125	2,81841648223649E-4
-2,12	2,83611648223649E-4
-2,115	2,83461648223649E-4
-2,11	2,83161648223649E-4
-2,105	2,83381648223649E-4
-2,1	2,83771648223649E-4
-2,095	2,84061648223649E-4
-2,09	2,83651648223649E-4
-2,085	2,83001648223649E-4
-2,08	2,82621648223649E-4
-2,075	2,81131648223649E-4
-2,07	2,78991648223649E-4
-2,065	2,76561648223649E-4
-2,06	2,73911648223649E-4
-2,055	2,72761648223649E-4
-2,05	2,72681648223649E-4
-2,045	2,72581648223649E-4
-2,04	2,72311648223649E-4
-2,035	2,71841648223649E-4
-2,03	2,71511648223649E-4
-2,025	2,71641648223649E-4
-2,02	2,72431648223649E-4
-2,015	2,72951648223649E-4
-2,01	2,73511648223649E-4
-2,005	2,74381648223649E-4
-2	2,75181648223649E-4
-1,995	2,76171648223649E-4
-1,99	2,77551648223649E-4
-1,985	2,78301648223649E-4
-1,98	2,78921648223649E-4
-1,975	2,80891648223649E-4
-1,97	2,83351648223649E-4
-1,965	2,84841648223649E-4
-1,96	2,84791648223649E-4
-1,955	2,84841648223649E-4
-1,95	2,85751648223649E-4
-1,945	2,86671648223649E-4
-1,94	2,87321648223649E-4
-1,935	2,87671648223649E-4
-1,93	2,87781648223649E-4
-1,925	2,89221648223649E-4
-1,92	2,90921648223649E-4
-1,915	2,92061648223649E-4
-1,91	2,94041648223649E-4
-1,905	2,95351648223649E-4
-1,9	2,95871648223649E-4
-1,895	2,97401648223649E-4
-1,89	2,98781648223649E-4
-1,885	2,98951648223649E-4
-1,88	2,99601648223649E-4
-1,875	3,00111648223649E-4
-1,87	2,99191648223649E-4
-1,865	2,98991648223649E-4
-1,86	3,00401648223649E-4
-1,855	3,01591648223649E-4
-1,85	3,02761648223649E-4
-1,845	3,05881648223649E-4
-1,84	3,11931648223649E-4
-1,835	3,17501648223649E-4
-1,83	3,19661648223649E-4
-1,825	3,20701648223649E-4
-1,82	3,22411648223649E-4
-1,815	3,23611648223649E-4
-1,81	3,24181648223649E-4
-1,805	3,25071648223649E-4
-1,8	3,25421648223649E-4
-1,795	3,25931648223649E-4
-1,79	3,27261648223649E-4
-1,785	3,29461648223649E-4
-1,78	3,32241648223649E-4
-1,775	3,34941648223649E-4
-1,77	3,36891648223649E-4
-1,765	3,36971648223649E-4
-1,76	3,36261648223649E-4
-1,755	3,35831648223649E-4
-1,75	3,35511648223649E-4
-1,745	3,34351648223649E-4
-1,74	3,32111648223649E-4
-1,735	3,30321648223649E-4
-1,73	3,29981648223649E-4
-1,725	3,30101648223649E-4
-1,72	3,31351648223649E-4
-1,715	3,33681648223649E-4
-1,71	3,35481648223649E-4
-1,705	3,36151648223649E-4
-1,7	3,36981648223649E-4
-1,695	3,37701648223649E-4
-1,69	3,37871648223649E-4
-1,685	3,38641648223649E-4
-1,68	3,39741648223649E-4
-1,675	3,40251648223649E-4
-1,67	3,39291648223649E-4
-1,665	3,38521648223649E-4
-1,66	3,38801648223649E-4
-1,655	3,38821648223649E-4
-1,65	3,37771648223649E-4
-1,645	3,37611648223649E-4
-1,64	3,38151648223649E-4
-1,635	3,37981648223649E-4
-1,63	3,36061648223649E-4
-1,625	3,33271648223649E-4
-1,62	3,31041648223649E-4
-1,615	3,29271648223649E-4
-1,61	3,27381648223649E-4
-1,605	3,23701648223649E-4
-1,6	3,19601648223649E-4
-1,595	3,16151648223649E-4
-1,59	3,11241648223649E-4
-1,585	3,05331648223649E-4
-1,58	2,99271648223649E-4
-1,575	2,91451648223649E-4
-1,57	2,82671648223649E-4
-1,565	2,73891648223649E-4
-1,56	2,64101648223649E-4
-1,555	2,53461648223649E-4
-1,55	2,42141648223649E-4
-1,545	2,29831648223649E-4
-1,54	2,17141648223649E-4
-1,535	2,04201648223649E-4
-1,53	1,89611648223649E-4
-1,525	1,74861648223649E-4
-1,52	1,61061648223649E-4
-1,515	1,46051648223649E-4
-1,51	1,29571648223649E-4
-1,505	1,12091648223649E-4
-1,5	9,60016482236489E-5
-1,495	8,7061648223649E-5
-1,49	8,66916482236489E-5
-1,485	9,64716482236489E-5
-1,48	1,15631648223649E-4
-1,475	1,38631648223649E-4
-1,47	1,61011648223649E-4
-1,465	1,79661648223649E-4
-1,46	1,90741648223649E-4
-1,455	1,93451648223649E-4
-1,45	1,91841648223649E-4
-1,445	1,86341648223649E-4
-1,44	1,77551648223649E-4
-1,435	1,68091648223649E-4
-1,43	1,59971648223649E-4
-1,425	1,52491648223649E-4
-1,42	1,45251648223649E-4
-1,415	1,39151648223649E-4
-1,41	1,33751648223649E-4
-1,405	1,28231648223649E-4
-1,4	1,22721648223649E-4
-1,395	1,18391648223649E-4
-1,39	1,14831648223649E-4
-1,385	1,10821648223649E-4
-1,38	1,07571648223649E-4
-1,375	1,08291648223649E-4
-1,37	1,15721648223649E-4
-1,365	1,34981648223649E-4
-1,36	1,68921648223649E-4
-1,355	2,17631648223649E-4
-1,35	2,79391648223649E-4
-1,345	3,55721648223649E-4
-1,34	4,37711648223649E-4
-1,335	5,10081648223649E-4
-1,33	5,69771648223649E-4
-1,325	6,11951648223649E-4
-1,32	6,34401648223649E-4
-1,315	6,37151648223649E-4
-1,31	6,26001648223649E-4
-1,305	6,03021648223649E-4
-1,3	5,70351648223649E-4
-1,295	5,34961648223649E-4
-1,29	4,99261648223649E-4
-1,285	4,65291648223649E-4
-1,28	4,34701648223649E-4
-1,275	4,06921648223649E-4
-1,27	3,80671648223649E-4
-1,265	3,57051648223649E-4
-1,26	3,36171648223649E-4
-1,255	3,16731648223649E-4
-1,25	2,98271648223649E-4
-1,245	2,83421648223649E-4
-1,24	2,74411648223649E-4
-1,235	2,75281648223649E-4
-1,23	2,89471648223649E-4
-1,225	3,18311648223649E-4
-1,22	3,61111648223649E-4
-1,215	4,13531648223649E-4
-1,21	4,72061648223649E-4
-1,205	5,35341648223649E-4
-1,2	5,95901648223649E-4
-1,195	6,46251648223649E-4
-1,19	6,85821648223649E-4
-1,185	7,13381648223649E-4
-1,18	7,29071648223649E-4
-1,175	7,30191648223649E-4
-1,17	7,17211648223649E-4
-1,165	6,95831648223649E-4
-1,16	6,70501648223649E-4
-1,155	6,43791648223649E-4
-1,15	6,17021648223649E-4
-1,145	5,91201648223649E-4
-1,14	5,67051648223649E-4
-1,135	5,45021648223649E-4
-1,13	5,23601648223649E-4
-1,125	5,02801648223649E-4
-1,12	4,83131648223649E-4
-1,115	4,64721648223649E-4
-1,11	4,46491648223649E-4
-1,105	4,29661648223649E-4
-1,1	4,16851648223649E-4
-1,095	4,08931648223649E-4
-1,09	4,05331648223649E-4
-1,085	4,08551648223649E-4
-1,08	4,21761648223649E-4
-1,075	4,46601648223649E-4
-1,07	4,79691648223649E-4
-1,065	5,16211648223649E-4
-1,06	5,55051648223649E-4
-1,055	5,95931648223649E-4
-1,05	6,36441648223649E-4
-1,045	6,73521648223649E-4
-1,04	7,06141648223649E-4
-1,035	7,30601648223649E-4
-1,03	7,46661648223649E-4
-1,025	7,51691648223649E-4
-1,02	7,47221648223649E-4
-1,015	7,37501648223649E-4
-1,01	7,21871648223649E-4
-1,005	7,03211648223649E-4
-1	6,82851648223649E-4
-0,995	6,62731648223649E-4
-0,99	6,42511648223649E-4
-0,985	6,22281648223649E-4
-0,98	6,03421648223649E-4
-0,975	5,86191648223649E-4
-0,97	5,70781648223649E-4
-0,965	5,55741648223649E-4
-0,96	5,42641648223649E-4
-0,955	5,32041648223649E-4
-0,95	5,21701648223649E-4
-0,945	5,11551648223649E-4
-0,94	5,02981648223649E-4
-0,935	5,02261648223649E-4
-0,93	5,17891648223649E-4
-0,925	5,61391648223649E-4
-0,92	6,38701648223649E-4
-0,915	7,53371648223649E-4
-0,91	9,06891648223649E-4
-0,905	0,00111552164822365
-0,9	0,00140974164822365
-0,895	0,00177265164822365
-0,89	0,00219210164822365
-0,885	0,00269627164822365
-0,88	0,00325005164822365
-0,875	0,00379155164822365
-0,87	0,00432018164822365
-0,865	0,00483724164822365
-0,86	0,00532894164822365
-0,855	0,00577844164822365
-0,85	0,00617359164822365
-0,845	0,00650713164822365
-0,84	0,00676673164822365
-0,835	0,00695277164822365
-0,83	0,00711308164822365
-0,825	0,00727375164822365
-0,82	0,00743584164822365
-0,815	0,00760831164822365
-0,81	0,00778900164822365
-0,805	0,00797603164822365
-0,8	0,00816889164822365
-0,795	0,00835913164822365
-0,79	0,00853783164822365
-0,785	0,00868619164822365
-0,78	0,00879013164822365
-0,775	0,00884132164822365
-0,77	0,00882905164822365
-0,765	0,00874634164822365
-0,76	0,00861246164822365
-0,755	0,00844752164822365
-0,75	0,00827707164822365
-0,745	0,00812516164822365
-0,74	0,00800303164822365
-0,735	0,00791528164822365
-0,73	0,00785767164822365
-0,725	0,00782443164822365
-0,72	0,00781107164822365
-0,715	0,00781115164822365
-0,71	0,00781473164822365
-0,705	0,00781673164822365
-0,7	0,00781427164822365
-0,695	0,00780321164822365
-0,69	0,00779166164822365
-0,685	0,00778544164822365
-0,68	0,00779005164822365
-0,675	0,00781001164822365
-0,67	0,00784541164822365
-0,665	0,00789234164822365
-0,66	0,00794040164822365
-0,655	0,00799356164822365
-0,65	0,00805393164822365
-0,645	0,00812377164822365
-0,64	0,00820190164822365
-0,635	0,00828455164822365
-0,63	0,00836217164822365
-0,625	0,00843326164822365
-0,62	0,00848636164822365
-0,615	0,00851111164822365
-0,61	0,00850328164822365
-0,605	0,00846374164822365
-0,6	0,00840437164822365
-0,595	0,00834499164822365
-0,59	0,00829318164822365
-0,585	0,00825634164822365
-0,58	0,00823699164822365
-0,575	0,00823761164822365
-0,57	0,00826494164822365
-0,565	0,00832273164822365
-0,56	0,00840810164822365
-0,555	0,00850938164822365
-0,55	0,00861182164822365
-0,545	0,00870453164822365
-0,54	0,00878458164822365
-0,535	0,00884780164822365
-0,53	0,00889605164822365
-0,525	0,00893193164822365
-0,52	0,00895456164822365
-0,515	0,00896023164822365
-0,51	0,00894638164822365
-0,505	0,00891113164822365
-0,5	0,00885321164822365
-0,495	0,00878351164822365
-0,49	0,00871129164822365
-0,485	0,00864596164822365
-0,48	0,00859387164822365
-0,475	0,00856044164822365
-0,47	0,00854304164822365
-0,465	0,00854174164822365
-0,46	0,00856122164822365
-0,455	0,00860415164822365
-0,45	0,00866684164822365
-0,445	0,00875006164822365
-0,44	0,00884950164822365
-0,435	0,00895572164822365
-0,43	0,00905381164822365
-0,425	0,00913055164822365
-0,42	0,00916620164822365
-0,415	0,00915034164822365
-0,41	0,00910001164822365
-0,405	0,00904439164822365
-0,4	0,00899871164822365
-0,395	0,00896252164822365
-0,39	0,00892001164822365
-0,385	0,00885909164822365
-0,38	0,00878284164822365
-0,375	0,00871428164822365
-0,37	0,00867220164822365
-0,365	0,00865452164822365
-0,36	0,00863920164822365
-0,355	0,00859358164822365
-0,35	0,00850881164822365
-0,345	0,00841081164822365
-0,34	0,00833934164822365
-0,335	0,00831583164822365
-0,33	0,00833811164822365
-0,325	0,00841019164822365
-0,32	0,00852437164822365
-0,315	0,00866567164822365
-0,31	0,00881337164822365
-0,305	0,00896075164822365
-0,3	0,00909536164822365
-0,295	0,00917047164822365
-0,29	0,00916218164822365
-0,285	0,00909921164822365
-0,28	0,00904717164822365
-0,275	0,00903923164822365
-0,27	0,00905263164822365
-0,265	0,00903902164822365
-0,26	0,00896515164822365
-0,255	0,00885109164822365
-0,25	0,00874707164822365
-0,245	0,00868072164822365
-0,24	0,00865594164822365
-0,235	0,00865928164822365
-0,23	0,00865659164822365
-0,225	0,00862048164822365
-0,22	0,00855076164822365
-0,215	0,00847046164822365
-0,21	0,00839836164822365
-0,205	0,00833428164822365
-0,2	0,00825299164822365
-0,195	0,00813764164822365
-0,19	0,00801058164822365
-0,185	0,00792215164822365
-0,18	0,00791749164822365
-0,175	0,00802203164822365
-0,17	0,00822731164822365
-0,165	0,00844051164822365
-0,16	0,00854436164822365
-0,155	0,00840193164822365
-0,15	0,00802550164822365
-0,145	0,00766460164822365
-0,14	0,00745752164822365
-0,135	0,00739318164822365
-0,13	0,00743815164822365
-0,125	0,00755738164822365
-0,12	0,00771229164822365
-0,115	0,00786630164822365
-0,11	0,00799320164822365
-0,105	0,00803997164822365
-0,1	0,00798121164822365
-0,095	0,00787396164822365
-0,09	0,00780830164822365
-0,085	0,00785036164822365
-0,08	0,00841329164822365
-0,075	0,00861732164822365
-0,07	0,00861329164822365
-0,065	0,00828631164822365
-0,06	0,00779748164822365
-0,055	0,00738156164822365
-0,05	0,00713379164822365
-0,045	0,00698550164822365
-0,04	0,00694730164822365
-0,035	0,00707169164822365
-0,03	0,00725398164822365
-0,025	0,00731090164822365
-0,02	0,00711487164822365
-0,015	0,00677631164822365
-0,01	0,00658706164822365
-0,005	0,00691065164822365
0	0,00794001164822365
0,005	0,00364854164822365
0,01	0,00364090164822365
0,015	0,00382480164822365
0,02	0,00414912164822365
0,025	0,00452786164822365
0,03	0,00499472164822365
0,035	0,00567457164822365
0,04	0,00654238164822365
0,045	0,00744289164822365
0,05	0,00830000164822365
0,055	0,00912033164822365
0,06	0,00991459164822365
0,065	0,0107781016482236
0,07	0,0119098916482236
0,075	0,0135223616482236
0,08	0,0161661316482236
0,085	0,0109335716482237
0,09	-0,00113842835177635
0,095	0,00163317164822365
0,1	0,00356534164822365
0,105	0,00517579164822365
0,11	0,00643963164822365
0,115	0,00725892164822365
0,12	0,00767571164822365
0,125	0,00780875164822365
0,13	0,00778691164822365
0,135	0,00771673164822365
0,14	0,00767271164822365
0,145	0,00772240164822365
0,15	0,00790784164822365
0,155	0,00816069164822365
0,16	0,00827319164822365
0,165	0,00812077164822365
0,17	0,00777090164822365
0,175	0,00742760164822365
0,18	0,00729731164822365
0,185	0,00742233164822365
0,19	0,00772136164822365
0,195	0,00803970164822365
0,2	0,00820391164822365
0,205	0,00816559164822365
0,21	0,00801690164822365
0,215	0,00788048164822365
0,22	0,00780884164822365
0,225	0,00783090164822365
0,23	0,00798168164822365
0,235	0,00821261164822365
0,24	0,00839158164822365
0,245	0,00840534164822365
0,25	0,00828587164822365
0,255	0,00814059164822365
0,26	0,00802174164822365
0,265	0,00795161164822365
0,27	0,00795389164822365
0,275	0,00804186164822365
0,28	0,00820665164822365
0,285	0,00840477164822365
0,29	0,00858917164822365
0,295	0,00873990164822365
0,3	0,00887077164822365
0,305	0,00900062164822365
0,31	0,00912136164822365
0,315	0,00921083164822365
0,32	0,00926694164822365
0,325	0,00930040164822365
0,33	0,00930651164822365
0,335	0,00927260164822365
0,34	0,00918781164822365
0,345	0,00905836164822365
0,35	0,00890126164822365
0,355	0,00873888164822365
0,36	0,00857819164822365
0,365	0,00842352164822365
0,37	0,00828462164822365
0,375	0,00818853164822365
0,38	0,00815849164822365
0,385	0,00818824164822365
0,39	0,00825609164822365
0,395	0,00831472164822365
0,4	0,00832606164822365
0,405	0,00829392164822365
0,41	0,00824991164822365
0,415	0,00822066164822365
0,42	0,00821215164822365
0,425	0,00821267164822365
0,43	0,00820865164822365
0,435	0,00820101164822365
0,44	0,00819949164822365
0,445	0,00821825164822365
0,45	0,00827063164822365
0,455	0,00836102164822365
0,46	0,00848534164822365
0,465	0,00861868164822365
0,47	0,00873179164822365
0,475	0,00879963164822365
0,48	0,00881758164822365
0,485	0,00880518164822365
0,49	0,00877107164822365
0,495	0,00871716164822365
0,5	0,00863757164822365
0,505	0,00853623164822365
0,51	0,00841976164822365
0,515	0,00831334164822365
0,52	0,00824428164822365
0,525	0,00821616164822365
0,53	0,00821547164822365
0,535	0,00822388164822365
0,54	0,00822476164822365
0,545	0,00821328164822365
0,55	0,00819904164822365
0,555	0,00819914164822365
0,56	0,00823105164822365
0,565	0,00830451164822365
0,57	0,00841657164822365
0,575	0,00854698164822365
0,58	0,00864752164822365
0,585	0,00868460164822365
0,59	0,00865934164822365
0,595	0,00859194164822365
0,6	0,00849949164822365
0,605	0,00839835164822365
0,61	0,00830449164822365
0,615	0,00822434164822365
0,62	0,00816036164822365
0,625	0,00811335164822365
0,63	0,00807346164822365
0,635	0,00803775164822365
0,64	0,00800696164822365
0,645	0,00798677164822365
0,65	0,00798111164822365
0,655	0,00799741164822365
0,66	0,00803570164822365
0,665	0,00809171164822365
0,67	0,00816264164822365
0,675	0,00823566164822365
0,68	0,00828421164822365
0,685	0,00828396164822365
0,69	0,00822175164822365
0,695	0,00810771164822365
0,7	0,00795518164822365
0,705	0,00779046164822365
0,71	0,00762826164822365
0,715	0,00748491164822365
0,72	0,00737498164822365
0,725	0,00730733164822365
0,73	0,00728418164822365
0,735	0,00729434164822365
0,74	0,00733266164822365
0,745	0,00738652164822365
0,75	0,00744889164822365
0,755	0,00750795164822365
0,76	0,00755544164822365
0,765	0,00758641164822365
0,77	0,00759903164822365
0,775	0,00759920164822365
0,78	0,00759211164822365
0,785	0,00758848164822365
0,79	0,00759761164822365
0,795	0,00762937164822365
0,8	0,00768868164822365
0,805	0,00778346164822365
0,81	0,00791115164822365
0,815	0,00806825164822365
0,82	0,00824627164822365
0,825	0,00843045164822365
0,83	0,00858532164822365
0,835	0,00867757164822365
0,84	0,00868528164822365
0,845	0,00861713164822365
0,85	0,00847804164822365
0,855	0,00828974164822365
0,86	0,00807508164822365
0,865	0,00784858164822365
0,87	0,00763028164822365
0,875	0,00742394164822365
0,88	0,00723947164822365
0,885	0,00707590164822365
0,89	0,00692753164822365
0,895	0,00678644164822365
0,9	0,00662587164822365
0,905	0,00642755164822365
0,91	0,00617868164822365
0,915	0,00583962164822365
0,92	0,00540292164822365
0,925	0,00490249164822365
0,93	0,00435329164822365
0,935	0,00376851164822365
0,94	0,00315828164822365
0,945	0,00254173164822365
0,95	0,00198326164822365
0,955	0,00154690164822365
0,96	0,00121185164822365
0,965	9,40061648223649E-4
0,97	7,24051648223649E-4
0,975	5,57961648223649E-4
0,98	4,46761648223649E-4
0,985	3,76521648223649E-4
0,99	3,36251648223649E-4
0,995	3,18031648223649E-4
1	3,17951648223649E-4
1,005	3,29311648223649E-4
1,01	3,46871648223649E-4
1,015	3,65071648223649E-4
1,02	3,81401648223649E-4
1,025	3,96241648223649E-4
1,03	4,11111648223649E-4
1,035	4,25751648223649E-4
1,04	4,39941648223649E-4
1,045	4,54541648223649E-4
1,05	4,70531648223649E-4
1,055	4,87361648223649E-4
1,06	5,04481648223649E-4
1,065	5,21491648223649E-4
1,07	5,36881648223649E-4
1,075	5,48541648223649E-4
1,08	5,54831648223649E-4
1,085	5,54081648223649E-4
1,09	5,44811648223649E-4
1,095	5,28221648223649E-4
1,1	5,02861648223649E-4
1,105	4,68041648223649E-4
1,11	4,24041648223649E-4
1,115	3,74331648223649E-4
1,12	3,22361648223649E-4
1,125	2,71781648223649E-4
1,13	2,28571648223649E-4
1,135	1,97291648223649E-4
1,14	1,78271648223649E-4
1,145	1,69241648223649E-4
1,15	1,67981648223649E-4
1,155	1,72281648223649E-4
1,16	1,83651648223649E-4
1,165	2,01171648223649E-4
1,17	2,22071648223649E-4
1,175	2,44811648223649E-4
1,18	2,69201648223649E-4
1,185	2,93391648223649E-4
1,19	3,17871648223649E-4
1,195	3,43171648223649E-4
1,2	3,68881648223649E-4
1,205	3,94261648223649E-4
1,21	4,20781648223649E-4
1,215	4,47921648223649E-4
1,22	4,73461648223649E-4
1,225	4,95231648223649E-4
1,23	5,13121648223649E-4
1,235	5,29001648223649E-4
1,24	5,38451648223649E-4
1,245	5,36121648223649E-4
1,25	5,20581648223649E-4
1,255	4,92381648223649E-4
1,26	4,52481648223649E-4
1,265	4,02851648223649E-4
1,27	3,48231648223649E-4
1,275	2,93971648223649E-4
1,28	2,46641648223649E-4
1,285	2,09021648223649E-4
1,29	1,80741648223649E-4
1,295	1,61991648223649E-4
1,3	1,54371648223649E-4
1,305	1,58871648223649E-4
1,31	1,72871648223649E-4
1,315	1,92151648223649E-4
1,32	2,15111648223649E-4
1,325	2,39601648223649E-4
1,33	2,64191648223649E-4
1,335	2,89811648223649E-4
1,34	3,17881648223649E-4
1,345	3,47101648223649E-4
1,35	3,77061648223649E-4
1,355	4,06801648223649E-4
1,36	4,35681648223649E-4
1,365	4,62111648223649E-4
1,37	4,81241648223649E-4
1,375	4,90841648223649E-4
1,38	4,89351648223649E-4
1,385	4,74241648223649E-4
1,39	4,43911648223649E-4
1,395	3,98741648223649E-4
1,4	3,41551648223649E-4
1,405	2,78541648223649E-4
1,41	2,14151648223649E-4
1,415	1,55851648223649E-4
1,42	1,09471648223649E-4
1,425	7,56516482236489E-5
1,43	5,25816482236489E-5
1,435	3,89316482236489E-5
1,44	3,37116482236489E-5
1,445	3,34516482236489E-5
1,45	3,60316482236489E-5
1,455	3,93416482236489E-5
1,46	4,37416482236489E-5
1,465	4,90916482236489E-5
1,47	5,43516482236489E-5
1,475	6,14116482236489E-5
1,48	7,00816482236489E-5
1,485	7,86216482236489E-5
1,49	8,67416482236489E-5
1,495	9,49916482236489E-5
1,5	1,03541648223649E-4
1,505	1,10321648223649E-4
1,51	1,14691648223649E-4
1,515	1,15241648223649E-4
1,52	1,09471648223649E-4
1,525	9,67616482236489E-5
1,53	7,71616482236489E-5
1,535	5,34016482236489E-5
1,54	2,99416482236489E-5
1,545	1,26216482236489E-5
1,55	5,75164822364893E-6
1,555	9,83164822364893E-6
1,56	2,21716482236489E-5
1,565	3,93316482236489E-5
1,57	5,76216482236489E-5
1,575	7,52616482236489E-5
1,58	9,17316482236489E-5
1,585	1,07621648223649E-4
1,59	1,23951648223649E-4
1,595	1,40651648223649E-4
1,6	1,57241648223649E-4
1,605	1,72121648223649E-4
1,61	1,85391648223649E-4
1,615	1,97961648223649E-4
1,62	2,10411648223649E-4
1,625	2,22201648223649E-4
1,63	2,32551648223649E-4
1,635	2,40991648223649E-4
1,64	2,47811648223649E-4
1,645	2,53961648223649E-4
1,65	2,59611648223649E-4
1,655	2,64651648223649E-4
1,66	2,68641648223649E-4
1,665	2,70751648223649E-4
1,67	2,71001648223649E-4
1,675	2,71071648223649E-4
1,68	2,70971648223649E-4
1,685	2,70761648223649E-4
1,69	2,71921648223649E-4
1,695	2,75421648223649E-4
1,7	2,82191648223649E-4
1,705	2,91841648223649E-4
1,71	3,00301648223649E-4
1,715	3,06041648223649E-4
1,72	3,10501648223649E-4
1,725	3,13481648223649E-4
1,73	3,14851648223649E-4
1,735	3,15601648223649E-4
1,74	3,15861648223649E-4
1,745	3,16651648223649E-4
1,75	3,18421648223649E-4
1,755	3,20101648223649E-4
1,76	3,21681648223649E-4
1,765	3,23861648223649E-4
1,77	3,25921648223649E-4
1,775	3,26701648223649E-4
1,78	3,26971648223649E-4
1,785	3,26901648223649E-4
1,79	3,26721648223649E-4
1,795	3,27141648223649E-4
1,8	3,28021648223649E-4
1,805	3,28821648223649E-4
1,81	3,29341648223649E-4
1,815	3,29771648223649E-4
1,82	3,30161648223649E-4
1,825	3,31061648223649E-4
1,83	3,32551648223649E-4
1,835	3,33921648223649E-4
1,84	3,35571648223649E-4
1,845	3,37011648223649E-4
1,85	3,37491648223649E-4
1,855	3,38991648223649E-4
1,86	3,41051648223649E-4
1,865	3,42731648223649E-4
1,87	3,44771648223649E-4
1,875	3,46821648223649E-4
1,88	3,48661648223649E-4
1,885	3,50371648223649E-4
1,89	3,51891648223649E-4
1,895	3,52841648223649E-4
1,9	3,53271648223649E-4
1,905	3,53551648223649E-4
1,91	3,54391648223649E-4
1,915	3,55661648223649E-4
1,92	3,57081648223649E-4
1,925	3,58611648223649E-4
1,93	3,60111648223649E-4
1,935	3,61371648223649E-4
1,94	3,62281648223649E-4
1,945	3,62991648223649E-4
1,95	3,63991648223649E-4
1,955	3,66021648223649E-4
1,96	3,68301648223649E-4
1,965	3,69531648223649E-4
1,97	3,69871648223649E-4
1,975	3,69881648223649E-4
1,98	3,69761648223649E-4
1,985	3,69781648223649E-4
1,99	3,69591648223649E-4
1,995	3,69991648223649E-4
2	3,70041648223649E-4
2,005	3,69321648223649E-4
2,01	3,69001648223649E-4
2,015	3,68071648223649E-4
2,02	3,66451648223649E-4
2,025	3,64961648223649E-4
2,03	3,64391648223649E-4
2,035	3,63791648223649E-4
2,04	3,63011648223649E-4
2,045	3,62391648223649E-4
2,05	3,61741648223649E-4
2,055	3,60831648223649E-4
2,06	3,59181648223649E-4
2,065	3,57631648223649E-4
2,07	3,56131648223649E-4
2,075	3,55431648223649E-4
2,08	3,55721648223649E-4
2,085	3,54871648223649E-4
2,09	3,53411648223649E-4
2,095	3,52761648223649E-4
2,1	3,53021648223649E-4
2,105	3,54131648223649E-4
2,11	3,54721648223649E-4
2,115	3,54481648223649E-4
2,12	3,53751648223649E-4
2,125	3,52521648223649E-4
2,13	3,51521648223649E-4
2,135	3,50711648223649E-4
2,14	3,49621648223649E-4
2,145	3,48631648223649E-4
2,15	3,47721648223649E-4
2,155	3,47171648223649E-4
2,16	3,46501648223649E-4
2,165	3,45241648223649E-4
2,17	3,44211648223649E-4
2,175	3,43551648223649E-4
2,18	3,42571648223649E-4
2,185	3,41161648223649E-4
2,19	3,39871648223649E-4
2,195	3,37721648223649E-4
2,2	3,35161648223649E-4
2,205	3,32181648223649E-4
2,21	3,28991648223649E-4
2,215	3,26301648223649E-4
2,22	3,23791648223649E-4
2,225	3,20951648223649E-4
2,23	3,17561648223649E-4
2,235	3,14661648223649E-4
2,24	3,12911648223649E-4
2,245	3,11021648223649E-4
2,25	3,07571648223649E-4
2,255	3,03281648223649E-4
2,26	2,99121648223649E-4
2,265	2,95631648223649E-4
2,27	2,92351648223649E-4
2,275	2,88951648223649E-4
2,28	2,86911648223649E-4
2,285	2,85441648223649E-4
2,29	2,84451648223649E-4
2,295	2,84131648223649E-4
2,3	2,83821648223649E-4
2,305	2,83951648223649E-4
2,31	2,84111648223649E-4
2,315	2,84041648223649E-4
2,32	2,83721648223649E-4
2,325	2,82541648223649E-4
2,33	2,80981648223649E-4
2,335	2,80591648223649E-4
2,34	2,80511648223649E-4
2,345	2,79941648223649E-4
2,35	2,79301648223649E-4
2,355	2,78931648223649E-4
2,36	2,78581648223649E-4
2,365	2,77801648223649E-4
2,37	2,77041648223649E-4
2,375	2,74981648223649E-4
2,38	2,72551648223649E-4
2,385	2,71061648223649E-4
2,39	2,70221648223649E-4
2,395	2,69561648223649E-4
2,4	2,69201648223649E-4
2,405	2,69031648223649E-4
2,41	2,68741648223649E-4
2,415	2,67971648223649E-4
2,42	2,66891648223649E-4
2,425	2,65341648223649E-4
2,43	2,63841648223649E-4
2,435	2,62861648223649E-4
2,44	2,62051648223649E-4
2,445	2,61251648223649E-4
2,45	2,60031648223649E-4
2,455	2,59171648223649E-4
2,46	2,58001648223649E-4
2,465	2,56391648223649E-4
2,47	2,55231648223649E-4
2,475	2,53901648223649E-4
2,48	2,51971648223649E-4
2,485	2,49701648223649E-4
2,49	2,47381648223649E-4
2,495	2,46001648223649E-4
2,5	2,45261648223649E-4
2,505	2,44411648223649E-4
2,51	2,43921648223649E-4
2,515	2,43891648223649E-4
2,52	2,44471648223649E-4
2,525	2,45681648223649E-4
2,53	2,47471648223649E-4
2,535	2,49771648223649E-4
2,54	2,52271648223649E-4
2,545	2,54461648223649E-4
2,55	2,56801648223649E-4
2,555	2,59101648223649E-4
2,56	2,60811648223649E-4
2,565	2,62361648223649E-4
2,57	2,64111648223649E-4
2,575	2,66431648223649E-4
2,58	2,68441648223649E-4
2,585	2,69501648223649E-4
2,59	2,69541648223649E-4
2,595	2,69721648223649E-4
2,6	2,70401648223649E-4
2,605	2,70811648223649E-4
2,61	2,70611648223649E-4
2,615	2,70421648223649E-4
2,62	2,70761648223649E-4
2,625	2,71071648223649E-4
2,63	2,71101648223649E-4
2,635	2,72111648223649E-4
2,64	2,73741648223649E-4
2,645	2,75441648223649E-4
2,65	2,77661648223649E-4
2,655	2,79081648223649E-4
2,66	2,79651648223649E-4
2,665	2,79801648223649E-4
2,67	2,79821648223649E-4
2,675	2,79461648223649E-4
2,68	2,78901648223649E-4
2,685	2,78581648223649E-4
2,69	2,78341648223649E-4
2,695	2,77471648223649E-4
2,7	2,76101648223649E-4
2,705	2,73911648223649E-4
2,71	2,70401648223649E-4
2,715	2,66781648223649E-4
2,72	2,64011648223649E-4
2,725	2,61461648223649E-4
2,73	2,58611648223649E-4
2,735	2,55831648223649E-4
2,74	2,52991648223649E-4
2,745	2,50401648223649E-4
2,75	2,47511648223649E-4
2,755	2,44581648223649E-4
2,76	2,42621648223649E-4
2,765	2,40561648223649E-4
2,77	2,38101648223649E-4
2,775	2,36321648223649E-4
2,78	2,35031648223649E-4
2,785	2,33791648223649E-4
2,79	2,32391648223649E-4
2,795	2,30911648223649E-4
2,8	2,29681648223649E-4
2,805	2,28611648223649E-4
2,81	2,27811648223649E-4
2,815	2,27021648223649E-4
2,82	2,27411648223649E-4
2,825	2,29241648223649E-4
2,83	2,31321648223649E-4
2,835	2,32801648223649E-4
2,84	2,33701648223649E-4
2,845	2,35101648223649E-4
2,85	2,36751648223649E-4
2,855	2,38061648223649E-4
2,86	2,39511648223649E-4
2,865	2,41011648223649E-4
2,87	2,41551648223649E-4
2,875	2,41391648223649E-4
2,88	2,41081648223649E-4
2,885	2,40831648223649E-4
2,89	2,40551648223649E-4
2,895	2,40501648223649E-4
2,9	2,40781648223649E-4
2,905	2,41141648223649E-4
2,91	2,42001648223649E-4
2,915	2,43331648223649E-4
2,92	2,45191648223649E-4
2,925	2,46691648223649E-4
2,93	2,47671648223649E-4
2,935	2,48961648223649E-4
2,94	2,50561648223649E-4
2,945	2,51561648223649E-4
2,95	2,52121648223649E-4
2,955	2,53321648223649E-4
2,96	2,54641648223649E-4
2,965	2,55911648223649E-4
2,97	2,56811648223649E-4
2,975	2,57561648223649E-4
2,98	2,58481648223649E-4
2,985	2,58861648223649E-4
2,99	2,58461648223649E-4
2,995	2,57861648223649E-4
3	2,57951648223649E-4
3,005	2,57831648223649E-4
3,01	2,56441648223649E-4
3,015	2,54461648223649E-4
3,02	2,52781648223649E-4
3,025	2,51671648223649E-4
3,03	2,51501648223649E-4
3,035	2,51531648223649E-4
3,04	2,51251648223649E-4
3,045	2,51051648223649E-4
3,05	2,51101648223649E-4
3,055	2,50961648223649E-4
3,06	2,51031648223649E-4
3,065	2,51481648223649E-4
3,07	2,50841648223649E-4
3,075	2,49881648223649E-4
3,08	2,49091648223649E-4
3,085	2,48511648223649E-4
3,09	2,48071648223649E-4
3,095	2,47581648223649E-4
3,1	2,47111648223649E-4
3,105	2,46931648223649E-4
3,11	2,47911648223649E-4
3,115	2,48981648223649E-4
3,12	2,49651648223649E-4
3,125	2,50171648223649E-4
3,13	2,49311648223649E-4
3,135	2,48561648223649E-4
3,14	2,49391648223649E-4
3,145	2,50711648223649E-4
3,15	2,51321648223649E-4
3,155	2,51241648223649E-4
3,16	2,50951648223649E-4
3,165	2,51061648223649E-4
3,17	2,51701648223649E-4
3,175	2,52641648223649E-4
3,18	2,53671648223649E-4
3,185	2,53541648223649E-4
3,19	2,53501648223649E-4
3,195	2,54041648223649E-4
3,2	2,54321648223649E-4
3,205	2,54511648223649E-4
3,21	2,54761648223649E-4
3,215	2,54921648223649E-4
3,22	2,54801648223649E-4
3,225	2,54471648223649E-4
3,23	2,54331648223649E-4
3,235	2,54381648223649E-4
3,24	2,54571648223649E-4
3,245	2,54501648223649E-4
3,25	2,54441648223649E-4
3,255	2,54761648223649E-4
3,26	2,55041648223649E-4
3,265	2,55231648223649E-4
3,27	2,55281648223649E-4
3,275	2,55471648223649E-4
3,28	2,55981648223649E-4
3,285	2,56761648223649E-4
3,29	2,57171648223649E-4
3,295	2,57381648223649E-4
3,3	2,56951648223649E-4
3,305	2,55961648223649E-4
3,31	2,54931648223649E-4
3,315	2,53971648223649E-4
3,32	2,53061648223649E-4
3,325	2,52101648223649E-4
3,33	2,52201648223649E-4
3,335	2,52931648223649E-4
3,34	2,53031648223649E-4
3,345	2,52861648223649E-4
3,35	2,52701648223649E-4
3,355	2,52141648223649E-4
3,36	2,51391648223649E-4
3,365	2,50271648223649E-4
3,37	2,49261648223649E-4
3,375	2,49301648223649E-4
3,38	2,49991648223649E-4
3,385	2,50981648223649E-4
3,39	2,52031648223649E-4
3,395	2,53201648223649E-4
3,4	2,55011648223649E-4
3,405	2,57201648223649E-4
3,41	2,58891648223649E-4
3,415	2,60481648223649E-4
3,42	2,62021648223649E-4
3,425	2,63891648223649E-4
3,43	2,65891648223649E-4
3,435	2,67891648223649E-4
3,44	2,70031648223649E-4
3,445	2,71891648223649E-4
3,45	2,73771648223649E-4
3,455	2,75361648223649E-4
3,46	2,75991648223649E-4
3,465	2,76291648223649E-4
3,47	2,76671648223649E-4
3,475	2,76801648223649E-4
3,48	2,76681648223649E-4
3,485	2,76311648223649E-4
3,49	2,76331648223649E-4
3,495	2,76371648223649E-4
3,5	2,76961648223649E-4
3,505	2,78131648223649E-4
3,51	2,79281648223649E-4
3,515	2,80411648223649E-4
3,52	2,81421648223649E-4
3,525	2,82431648223649E-4
3,53	2,83651648223649E-4
3,535	2,84181648223649E-4
3,54	2,83891648223649E-4
3,545	2,83631648223649E-4
3,55	2,83341648223649E-4
3,555	2,82471648223649E-4
3,56	2,81031648223649E-4
3,565	2,79601648223649E-4
3,57	2,78401648223649E-4
3,575	2,77571648223649E-4
3,58	2,77071648223649E-4
3,585	2,76631648223649E-4
3,59	2,75671648223649E-4
3,595	2,75001648223649E-4
3,6	2,74951648223649E-4
3,605	2,75571648223649E-4
3,61	2,76411648223649E-4
3,615	2,76711648223649E-4
3,62	2,76541648223649E-4
3,625	2,76201648223649E-4
3,63	2,75891648223649E-4
3,635	2,75131648223649E-4
3,64	2,73881648223649E-4
3,645	2,73061648223649E-4
3,65	2,73191648223649E-4
3,655	2,73831648223649E-4
3,66	2,74721648223649E-4
3,665	2,75301648223649E-4
3,67	2,75121648223649E-4
3,675	2,74751648223649E-4
3,68	2,74551648223649E-4
3,685	2,74721648223649E-4
3,69	2,74961648223649E-4
3,695	2,74931648223649E-4
3,7	2,75021648223649E-4
3,705	2,75441648223649E-4
3,71	2,75861648223649E-4
3,715	2,75661648223649E-4
3,72	2,74901648223649E-4
3,725	2,74051648223649E-4
3,73	2,73891648223649E-4
3,735	2,73401648223649E-4
3,74	2,72941648223649E-4
3,745	2,71591648223649E-4
3,75	2,69271648223649E-4
3,755	2,66601648223649E-4
3,76	2,64471648223649E-4
3,765	2,63031648223649E-4
3,77	2,62081648223649E-4
3,775	2,62381648223649E-4
3,78	2,63051648223649E-4
3,785	2,62731648223649E-4
3,79	2,61711648223649E-4
3,795	2,60841648223649E-4
3,8	2,59731648223649E-4
3,805	2,58551648223649E-4
3,81	2,57151648223649E-4
3,815	2,55231648223649E-4
3,82	2,52981648223649E-4
3,825	2,50751648223649E-4
3,83	2,48331648223649E-4
3,835	2,46221648223649E-4
3,84	2,43991648223649E-4
3,845	2,41261648223649E-4
3,85	2,38121648223649E-4
3,855	2,35861648223649E-4
3,86	2,34561648223649E-4
3,865	2,33751648223649E-4
3,87	2,32931648223649E-4
3,875	2,31671648223649E-4
3,88	2,30031648223649E-4
3,885	2,28021648223649E-4
3,89	2,25041648223649E-4
3,895	2,22001648223649E-4
3,9	2,19451648223649E-4
3,905	2,16481648223649E-4
3,91	2,12261648223649E-4
3,915	2,07871648223649E-4
3,92	2,02661648223649E-4
3,925	1,97161648223649E-4
3,93	1,92991648223649E-4
3,935	1,89221648223649E-4
3,94	1,85451648223649E-4
3,945	1,82081648223649E-4
3,95	1,77821648223649E-4
3,955	1,72811648223649E-4
3,96	1,67831648223649E-4
3,965	1,62531648223649E-4
3,97	1,56171648223649E-4
3,975	1,49741648223649E-4
3,98	1,44191648223649E-4
3,985	1,39041648223649E-4
3,99	1,32301648223649E-4
3,995	1,23571648223649E-4
4	1,13891648223649E-4
4,005	1,04431648223649E-4
4,01	9,6771648223649E-5
4,015	9,10716482236489E-5
4,02	8,61016482236489E-5
4,025	8,13916482236489E-5
4,03	7,68016482236489E-5
4,035	7,19316482236489E-5
4,04	6,74116482236489E-5
4,045	6,25116482236489E-5
4,05	5,67616482236489E-5
4,055	5,13916482236489E-5
4,06	4,74616482236489E-5
4,065	4,39816482236489E-5
4,07	3,98416482236489E-5
4,075	3,44016482236489E-5
4,08	2,64516482236489E-5
4,085	1,66716482236489E-5
4,09	6,06164822364893E-6
4,095	-2,5583517763511E-6
4,1	-6,72835177635106E-6
4,105	-8,14835177635108E-6
4,11	-8,75835177635109E-6
4,115	-8,2183517763511E-6
4,12	-6,70835177635107E-6
4,125	-4,98835177635109E-6
4,13	-3,37835177635106E-6
4,135	-2,40835177635107E-6
4,14	-1,77835177635107E-6
4,145	-1,00835177635109E-6
4,15	-7,48351776351064E-7
4,155	-1,28835177635111E-6
4,16	-1,52835177635109E-6
4,165	-1,2983517763511E-6
4,17	-7,58351776351059E-7
4,175	8,21648223648937E-7
4,18	3,00164822364889E-6
4,185	5,25164822364892E-6
4,19	7,66164822364892E-6
4,195	9,8916482236489E-6
4,2	1,22616482236489E-5
4,205	1,46116482236489E-5
4,21	1,64716482236489E-5
4,215	1,78316482236489E-5
4,22	1,91516482236489E-5
4,225	2,15616482236489E-5
4,23	2,47016482236489E-5
4,235	2,81716482236489E-5
4,24	3,25716482236489E-5
4,245	3,73716482236489E-5
4,25	4,17216482236489E-5
4,255	4,67116482236489E-5
4,26	5,23516482236489E-5
4,265	5,72816482236489E-5
4,27	6,09816482236489E-5
4,275	6,41916482236489E-5
4,28	6,77816482236489E-5
4,285	7,13016482236489E-5
4,29	7,49816482236489E-5
4,295	7,89916482236489E-5
4,3	8,23116482236489E-5
4,305	8,47916482236489E-5
4,31	8,71616482236489E-5
4,315	8,93516482236489E-5
4,32	9,20116482236489E-5
4,325	9,45016482236489E-5
4,33	9,58716482236489E-5
4,335	9,7081648223649E-5
4,34	9,92316482236489E-5
4,345	1,02421648223649E-4
4,35	1,04991648223649E-4
4,355	1,06711648223649E-4
4,36	1,07891648223649E-4
4,365	1,09131648223649E-4
4,37	1,10661648223649E-4
4,375	1,12931648223649E-4
4,38	1,15101648223649E-4
4,385	1,16841648223649E-4
4,39	1,18701648223649E-4
4,395	1,20411648223649E-4
4,4	1,22301648223649E-4
4,405	1,23791648223649E-4
4,41	1,24291648223649E-4
4,415	1,24511648223649E-4
4,42	1,24641648223649E-4
4,425	1,25001648223649E-4
4,43	1,26381648223649E-4
4,435	1,27891648223649E-4
4,44	1,29351648223649E-4
4,445	1,30521648223649E-4
4,45	1,31811648223649E-4
4,455	1,33591648223649E-4
4,46	1,35181648223649E-4
4,465	1,36841648223649E-4
4,47	1,37641648223649E-4
4,475	1,37471648223649E-4
4,48	1,37191648223649E-4
4,485	1,37431648223649E-4
4,49	1,37911648223649E-4
4,495	1,37971648223649E-4
4,5	1,38191648223649E-4
4,505	1,38991648223649E-4
4,51	1,40201648223649E-4
4,515	1,41451648223649E-4
4,52	1,42371648223649E-4
4,525	1,43361648223649E-4
4,53	1,44591648223649E-4
4,535	1,45781648223649E-4
4,54	1,47031648223649E-4
4,545	1,48201648223649E-4
4,55	1,49131648223649E-4
4,555	1,49681648223649E-4
4,56	1,50141648223649E-4
4,565	1,50461648223649E-4
4,57	1,50221648223649E-4
4,575	1,49661648223649E-4
4,58	1,49611648223649E-4
4,585	1,50101648223649E-4
4,59	1,50411648223649E-4
4,595	1,50641648223649E-4
4,6	1,50431648223649E-4
4,605	1,50341648223649E-4
4,61	1,50391648223649E-4
4,615	1,51071648223649E-4
4,62	1,52401648223649E-4
4,625	1,53281648223649E-4
4,63	1,53521648223649E-4
4,635	1,53681648223649E-4
4,64	1,53941648223649E-4
4,645	1,54171648223649E-4
4,65	1,54261648223649E-4
4,655	1,54721648223649E-4
4,66	1,55021648223649E-4
4,665	1,55271648223649E-4
4,67	1,55881648223649E-4
4,675	1,56641648223649E-4
4,68	1,56891648223649E-4
4,685	1,56291648223649E-4
4,69	1,55921648223649E-4
4,695	1,56051648223649E-4
4,7	1,56201648223649E-4
4,705	1,55591648223649E-4
4,71	1,54801648223649E-4
4,715	1,53801648223649E-4
4,72	1,52541648223649E-4
4,725	1,51221648223649E-4
4,73	1,49761648223649E-4
4,735	1,48341648223649E-4
4,74	1,47511648223649E-4
4,745	1,47321648223649E-4
4,75	1,47191648223649E-4
4,755	1,47611648223649E-4
4,76	1,48351648223649E-4
4,765	1,49071648223649E-4
4,77	1,49871648223649E-4
4,775	1,50211648223649E-4
4,78	1,50551648223649E-4
4,785	1,50771648223649E-4
4,79	1,50671648223649E-4
4,795	1,50541648223649E-4
4,8	1,50221648223649E-4
4,805	1,49551648223649E-4
4,81	1,49481648223649E-4
4,815	1,49741648223649E-4
4,82	1,50051648223649E-4
4,825	1,51301648223649E-4
4,83	1,52621648223649E-4
4,835	1,53161648223649E-4
4,84	1,53011648223649E-4
4,845	1,53161648223649E-4
4,85	1,53741648223649E-4
4,855	1,54171648223649E-4
4,86	1,54031648223649E-4
4,865	1,53821648223649E-4
4,87	1,53791648223649E-4
4,875	1,54401648223649E-4
4,88	1,55731648223649E-4
4,885	1,57311648223649E-4
4,89	1,58371648223649E-4
4,895	1,58811648223649E-4
4,9	1,59201648223649E-4
4,905	1,59921648223649E-4
4,91	1,60271648223649E-4
4,915	1,60951648223649E-4
4,92	1,62001648223649E-4
4,925	1,62421648223649E-4
4,93	1,62781648223649E-4
4,935	1,63411648223649E-4
4,94	1,63621648223649E-4
4,945	1,63581648223649E-4
4,95	1,63501648223649E-4
4,955	1,63881648223649E-4
4,96	1,64401648223649E-4
4,965	1,64551648223649E-4
4,97	1,65241648223649E-4
4,975	1,65991648223649E-4
4,98	1,66111648223649E-4
4,985	1,65791648223649E-4
4,99	1,65731648223649E-4
4,995	1,65681648223649E-4
5	1,65101648223649E-4
5,005	1,64381648223649E-4
5,01	1,63661648223649E-4
5,015	1,62371648223649E-4
5,02	1,60891648223649E-4
5,025	1,60061648223649E-4
5,03	1,59551648223649E-4
5,035	1,59591648223649E-4
5,04	1,60241648223649E-4
5,045	1,60831648223649E-4
5,05	1,61961648223649E-4
5,055	1,63741648223649E-4
5,06	1,65401648223649E-4
5,065	1,66591648223649E-4
5,07	1,67281648223649E-4
5,075	1,67351648223649E-4
5,08	1,67131648223649E-4
5,085	1,67161648223649E-4
5,09	1,67101648223649E-4
5,095	1,67341648223649E-4
5,1	1,68261648223649E-4
5,105	1,69521648223649E-4
5,11	1,71121648223649E-4
5,115	1,72631648223649E-4
5,12	1,73821648223649E-4
5,125	1,74891648223649E-4
5,13	1,75781648223649E-4
5,135	1,76741648223649E-4
5,14	1,78061648223649E-4
5,145	1,79651648223649E-4
5,15	1,80831648223649E-4
5,155	1,81811648223649E-4
5,16	1,82681648223649E-4
5,165	1,83181648223649E-4
5,17	1,83211648223649E-4
5,175	1,83081648223649E-4
5,18	1,82961648223649E-4
5,185	1,82511648223649E-4
5,19	1,81851648223649E-4
5,195	1,80531648223649E-4
5,2	1,79021648223649E-4
5,205	1,77961648223649E-4
5,21	1,77371648223649E-4
5,215	1,77081648223649E-4
5,22	1,76471648223649E-4
5,225	1,75561648223649E-4
5,23	1,75331648223649E-4
5,235	1,74941648223649E-4
5,24	1,74411648223649E-4
5,245	1,74031648223649E-4
5,25	1,73151648223649E-4
5,255	1,71831648223649E-4
5,26	1,70611648223649E-4
5,265	1,69601648223649E-4
5,27	1,68961648223649E-4
5,275	1,68031648223649E-4
5,28	1,66851648223649E-4
5,285	1,65971648223649E-4
5,29	1,65031648223649E-4
5,295	1,63761648223649E-4
5,3	1,62651648223649E-4
5,305	1,62101648223649E-4
5,31	1,61001648223649E-4
5,315	1,59491648223649E-4
5,32	1,58201648223649E-4
5,325	1,57461648223649E-4
5,33	1,57341648223649E-4
5,335	1,57731648223649E-4
5,34	1,57061648223649E-4
5,345	1,55551648223649E-4
5,35	1,54311648223649E-4
5,355	1,53601648223649E-4
5,36	1,52981648223649E-4
5,365	1,52421648223649E-4
5,37	1,52341648223649E-4
5,375	1,52531648223649E-4
5,38	1,52431648223649E-4
5,385	1,52121648223649E-4
5,39	1,52041648223649E-4
5,395	1,51911648223649E-4
5,4	1,51651648223649E-4
5,405	1,51331648223649E-4
5,41	1,51171648223649E-4
5,415	1,50751648223649E-4
5,42	1,49451648223649E-4
5,425	1,48291648223649E-4
5,43	1,47451648223649E-4
5,435	1,47041648223649E-4
5,44	1,46911648223649E-4
5,445	1,46231648223649E-4
5,45	1,45311648223649E-4
5,455	1,44721648223649E-4
5,46	1,44251648223649E-4
5,465	1,43821648223649E-4
5,47	1,43811648223649E-4
5,475	1,43321648223649E-4
5,48	1,42441648223649E-4
5,485	1,41401648223649E-4
5,49	1,40551648223649E-4
5,495	1,40061648223649E-4
5,5	1,40021648223649E-4
5,505	1,39811648223649E-4
5,51	1,39571648223649E-4
5,515	1,39191648223649E-4
5,52	1,38681648223649E-4
5,525	1,38461648223649E-4
5,53	1,38911648223649E-4
5,535	1,39791648223649E-4
5,54	1,40951648223649E-4
5,545	1,41981648223649E-4
5,55	1,42721648223649E-4
5,555	1,43231648223649E-4
5,56	1,43611648223649E-4
5,565	1,44041648223649E-4
5,57	1,45061648223649E-4
5,575	1,46421648223649E-4
5,58	1,47361648223649E-4
5,585	1,47941648223649E-4
5,59	1,48231648223649E-4
5,595	1,49131648223649E-4
5,6	1,50241648223649E-4
5,605	1,51051648223649E-4
5,61	1,51411648223649E-4
5,615	1,51451648223649E-4
5,62	1,51451648223649E-4
5,625	1,51201648223649E-4
5,63	1,50801648223649E-4
5,635	1,50201648223649E-4
5,64	1,49451648223649E-4
5,645	1,48941648223649E-4
5,65	1,48571648223649E-4
5,655	1,47751648223649E-4
5,66	1,46151648223649E-4
5,665	1,44341648223649E-4
5,67	1,42461648223649E-4
5,675	1,40811648223649E-4
5,68	1,38721648223649E-4
5,685	1,37411648223649E-4
5,69	1,36581648223649E-4
5,695	1,35551648223649E-4
5,7	1,34481648223649E-4
5,705	1,33151648223649E-4
5,71	1,31261648223649E-4
5,715	1,28901648223649E-4
5,72	1,26611648223649E-4
5,725	1,24461648223649E-4
5,73	1,22301648223649E-4
5,735	1,20621648223649E-4
5,74	1,19901648223649E-4
5,745	1,19461648223649E-4
5,75	1,18631648223649E-4
5,755	1,17801648223649E-4
5,76	1,17271648223649E-4
5,765	1,16481648223649E-4
5,77	1,14881648223649E-4
5,775	1,13281648223649E-4
5,78	1,12581648223649E-4
5,785	1,11451648223649E-4
5,79	1,09521648223649E-4
5,795	1,06761648223649E-4
5,8	1,03311648223649E-4
5,805	9,90416482236489E-5
5,81	9,43116482236489E-5
5,815	8,97116482236489E-5
5,82	8,56416482236489E-5
5,825	8,15416482236489E-5
5,83	7,72416482236489E-5
5,835	7,28016482236489E-5
5,84	6,73616482236489E-5
5,845	6,24816482236489E-5
5,85	5,70016482236489E-5
5,855	5,11216482236489E-5
5,86	4,25116482236489E-5
5,865	3,13316482236489E-5
5,87	1,70816482236489E-5
5,875	8,81648223648905E-7
5,88	-1,69183517763511E-5
5,885	-3,61583517763511E-5
5,89	-5,66583517763511E-5
5,895	-7,80283517763511E-5
5,9	-1,01348351776351E-4
5,905	-1,25848351776351E-4
5,91	-1,51898351776351E-4
5,915	-1,78728351776351E-4
5,92	-2,03138351776351E-4
5,925	-2,21818351776351E-4
5,93	-2,34298351776351E-4
5,935	-2,41028351776351E-4
5,94	-2,43878351776351E-4
5,945	-2,45308351776351E-4
5,95	-2,46598351776351E-4
5,955	-2,48288351776351E-4
5,96	-2,50458351776351E-4
5,965	-2,53258351776351E-4
5,97	-2,55758351776351E-4
5,975	-2,57828351776351E-4
5,98	-2,59278351776351E-4
5,985	-2,60538351776351E-4
5,99	-2,62498351776351E-4
5,995	-2,64328351776351E-4
6	-2,65998351776351E-4
6,005	-2,68288351776351E-4
6,01	-2,69938351776351E-4
6,015	-2,71108351776351E-4
6,02	-2,71838351776351E-4
6,025	-2,72238351776351E-4
6,03	-2,72228351776351E-4
6,035	-2,71868351776351E-4
6,04	-2,71608351776351E-4
6,045	-2,71958351776351E-4
6,05	-2,73078351776351E-4
6,055	-2,73798351776351E-4
6,06	-2,73938351776351E-4
6,065	-2,74358351776351E-4
6,07	-2,75088351776351E-4
6,075	-2,75398351776351E-4
6,08	-2,75448351776351E-4
6,085	-2,75568351776351E-4
6,09	-2,75508351776351E-4
6,095	-2,75038351776351E-4
6,1	-2,74658351776351E-4
6,105	-2,74478351776351E-4
6,11	-2,74438351776351E-4
6,115	-2,74368351776351E-4
6,12	-2,74588351776351E-4
6,125	-2,75298351776351E-4
6,13	-2,76018351776351E-4
6,135	-2,76558351776351E-4
6,14	-2,77178351776351E-4
6,145	-2,77898351776351E-4
6,15	-2,78298351776351E-4
6,155	-2,79158351776351E-4
6,16	-2,80008351776351E-4
6,165	-2,80358351776351E-4
6,17	-2,80068351776351E-4
6,175	-2,79808351776351E-4
6,18	-2,79878351776351E-4
6,185	-2,79688351776351E-4
6,19	-2,79838351776351E-4
6,195	-2,80138351776351E-4
6,2	-2,80388351776351E-4
6,205	-2,81108351776351E-4
6,21	-2,81898351776351E-4
6,215	-2,82598351776351E-4
6,22	-2,83578351776351E-4
6,225	-2,84288351776351E-4
6,23	-2,84468351776351E-4
6,235	-2,84438351776351E-4
6,24	-2,84468351776351E-4
6,245	-2,84568351776351E-4
6,25	-2,83948351776351E-4
6,255	-2,82918351776351E-4
6,26	-2,82008351776351E-4
6,265	-2,81088351776351E-4
6,27	-2,80328351776351E-4
6,275	-2,79618351776351E-4
6,28	-2,79138351776351E-4
6,285	-2,78388351776351E-4
6,29	-2,77118351776351E-4
6,295	-2,75728351776351E-4
6,3	-2,74688351776351E-4
6,305	-2,74088351776351E-4
6,31	-2,73628351776351E-4
6,315	-2,73688351776351E-4
6,32	-2,74198351776351E-4
6,325	-2,75228351776351E-4
6,33	-2,76568351776351E-4
6,335	-2,77918351776351E-4
6,34	-2,79008351776351E-4
6,345	-2,79428351776351E-4
6,35	-2,79568351776351E-4
6,355	-2,79168351776351E-4
6,36	-2,78088351776351E-4
6,365	-2,77208351776351E-4
6,37	-2,76878351776351E-4
6,375	-2,76618351776351E-4
6,38	-2,76128351776351E-4
6,385	-2,75308351776351E-4
6,39	-2,74968351776351E-4
6,395	-2,75058351776351E-4
6,4	-2,75038351776351E-4
6,405	-2,75318351776351E-4
6,41	-2,76028351776351E-4
6,415	-2,76398351776351E-4
6,42	-2,75968351776351E-4
6,425	-2,75298351776351E-4
6,43	-2,74728351776351E-4
6,435	-2,74528351776351E-4
6,44	-2,74508351776351E-4
6,445	-2,74498351776351E-4
6,45	-2,74218351776351E-4
6,455	-2,73658351776351E-4
6,46	-2,73238351776351E-4
6,465	-2,73688351776351E-4
6,47	-2,74518351776351E-4
6,475	-2,75058351776351E-4
6,48	-2,75558351776351E-4
6,485	-2,75728351776351E-4
6,49	-2,75478351776351E-4
6,495	-2,75388351776351E-4
6,5	-2,75228351776351E-4
6,505	-2,74968351776351E-4
6,51	-2,75038351776351E-4
6,515	-2,74758351776351E-4
6,52	-2,73928351776351E-4
6,525	-2,73448351776351E-4
6,53	-2,72938351776351E-4
6,535	-2,72198351776351E-4
6,54	-2,71728351776351E-4
6,545	-2,71878351776351E-4
6,55	-2,72408351776351E-4
6,555	-2,72938351776351E-4
6,56	-2,73598351776351E-4
6,565	-2,73828351776351E-4
6,57	-2,73448351776351E-4
6,575	-2,73258351776351E-4
6,58	-2,73758351776351E-4
6,585	-2,74838351776351E-4
6,59	-2,76508351776351E-4
6,595	-2,78328351776351E-4
6,6	-2,79548351776351E-4
6,605	-2,80218351776351E-4
6,61	-2,81038351776351E-4
6,615	-2,81778351776351E-4
6,62	-2,82708351776351E-4
6,625	-2,84038351776351E-4
6,63	-2,85538351776351E-4
6,635	-2,86998351776351E-4
6,64	-2,88208351776351E-4
6,645	-2,89148351776351E-4
6,65	-2,89718351776351E-4
6,655	-2,89778351776351E-4
6,66	-2,89968351776351E-4
6,665	-2,90438351776351E-4
6,67	-2,90778351776351E-4
6,675	-2,90618351776351E-4
6,68	-2,90948351776351E-4
6,685	-2,91568351776351E-4
6,69	-2,91308351776351E-4
6,695	-2,90868351776351E-4
6,7	-2,90158351776351E-4
6,705	-2,89368351776351E-4
6,71	-2,89168351776351E-4
6,715	-2,89418351776351E-4
6,72	-2,90168351776351E-4
6,725	-2,91088351776351E-4
6,73	-2,91928351776351E-4
6,735	-2,92718351776351E-4
6,74	-2,93248351776351E-4
6,745	-2,93658351776351E-4
6,75	-2,94178351776351E-4
6,755	-2,94498351776351E-4
6,76	-2,94628351776351E-4
6,765	-2,94918351776351E-4
6,77	-2,95238351776351E-4
6,775	-2,95108351776351E-4
6,78	-2,94828351776351E-4
6,785	-2,95338351776351E-4
6,79	-2,96308351776351E-4
6,795	-2,96438351776351E-4
6,8	-2,96178351776351E-4
6,805	-2,96458351776351E-4
6,81	-2,96828351776351E-4
6,815	-2,96878351776351E-4
6,82	-2,96548351776351E-4
6,825	-2,96258351776351E-4
6,83	-2,95988351776351E-4
6,835	-2,96088351776351E-4
6,84	-2,96038351776351E-4
6,845	-2,96038351776351E-4
6,85	-2,96898351776351E-4
6,855	-2,97888351776351E-4
6,86	-2,98158351776351E-4
6,865	-2,98158351776351E-4
6,87	-2,97828351776351E-4
6,875	-2,97138351776351E-4
6,88	-2,96518351776351E-4
6,885	-2,96338351776351E-4
6,89	-2,96378351776351E-4
6,895	-2,95908351776351E-4
6,9	-2,95978351776351E-4
6,905	-2,96908351776351E-4
6,91	-2,98298351776351E-4
6,915	-3,00098351776351E-4
6,92	-3,02178351776351E-4
6,925	-3,04668351776351E-4
6,93	-3,07978351776351E-4
6,935	-3,11948351776351E-4
6,94	-3,16948351776351E-4
6,945	-3,23468351776351E-4
6,95	-3,31088351776351E-4
6,955	-3,36008351776351E-4
6,96	-3,31988351776351E-4
6,965	-3,14568351776351E-4
6,97	-2,84778351776351E-4
6,975	-2,52748351776351E-4
6,98	-2,32758351776351E-4
6,985	-2,31588351776351E-4
6,99	-2,44738351776351E-4
6,995	-2,62438351776351E-4
7	-2,77458351776351E-4
7,005	-2,86488351776351E-4
7,01	-2,91068351776351E-4
7,015	-2,92728351776351E-4
7,02	-2,92938351776351E-4
7,025	-2,93498351776351E-4
7,03	-2,93788351776351E-4
7,035	-2,94348351776351E-4
7,04	-2,95518351776351E-4
7,045	-2,96798351776351E-4
7,05	-2,98108351776351E-4
7,055	-2,99008351776351E-4
7,06	-3,00128351776351E-4
7,065	-3,01498351776351E-4
7,07	-3,02168351776351E-4
7,075	-3,02008351776351E-4
7,08	-3,01858351776351E-4
7,085	-3,01648351776351E-4
7,09	-3,01298351776351E-4
7,095	-3,00958351776351E-4
7,1	-3,01388351776351E-4
7,105	-3,02748351776351E-4
7,11	-3,03798351776351E-4
7,115	-3,04658351776351E-4
7,12	-3,04788351776351E-4
7,125	-3,03948351776351E-4
7,13	-3,02878351776351E-4
7,135	-3,02348351776351E-4
7,14	-3,02918351776351E-4
7,145	-3,04118351776351E-4
7,15	-3,05498351776351E-4
7,155	-3,06758351776351E-4
7,16	-3,07748351776351E-4
7,165	-3,08718351776351E-4
7,17	-3,09758351776351E-4
7,175	-3,10888351776351E-4
7,18	-3,11808351776351E-4
7,185	-3,12398351776351E-4
7,19	-3,13168351776351E-4
7,195	-3,13898351776351E-4
7,2	-3,14348351776351E-4
7,205	-3,14698351776351E-4
7,21	-3,15108351776351E-4
7,215	-3,15758351776351E-4
7,22	-3,16168351776351E-4
7,225	-3,15938351776351E-4
7,23	-3,14978351776351E-4
7,235	-3,13748351776351E-4
7,24	-3,13008351776351E-4
7,245	-3,12728351776351E-4
7,25	-3,12518351776351E-4
7,255	-3,12048351776351E-4
7,26	-3,11018351776351E-4
7,265	-3,10238351776351E-4
7,27	-3,10298351776351E-4
7,275	-3,11028351776351E-4
7,28	-3,12088351776351E-4
7,285	-3,12598351776351E-4
7,29	-3,12878351776351E-4
7,295	-3,12718351776351E-4
7,3	-3,11738351776351E-4
7,305	-3,10678351776351E-4
7,31	-3,09448351776351E-4
7,315	-3,07978351776351E-4
7,32	-3,06818351776351E-4
7,325	-3,05708351776351E-4
7,33	-3,04648351776351E-4
7,335	-3,03998351776351E-4
7,34	-3,03158351776351E-4
7,345	-3,01968351776351E-4
7,35	-3,00568351776351E-4
7,355	-2,98828351776351E-4
7,36	-2,96778351776351E-4
7,365	-2,94788351776351E-4
7,37	-2,94018351776351E-4
7,375	-2,94418351776351E-4
7,38	-2,94628351776351E-4
7,385	-2,94028351776351E-4
7,39	-2,92868351776351E-4
7,395	-2,91838351776351E-4
7,4	-2,90808351776351E-4
7,405	-2,89808351776351E-4
7,41	-2,89238351776351E-4
7,415	-2,89148351776351E-4
7,42	-2,88988351776351E-4
7,425	-2,88458351776351E-4
7,43	-2,88058351776351E-4
7,435	-2,87768351776351E-4
7,44	-2,87478351776351E-4
7,445	-2,87058351776351E-4
7,45	-2,86848351776351E-4
7,455	-2,87288351776351E-4
7,46	-2,88158351776351E-4
7,465	-2,88908351776351E-4
7,47	-2,89318351776351E-4
7,475	-2,89208351776351E-4
7,48	-2,88928351776351E-4
7,485	-2,88468351776351E-4
7,49	-2,87908351776351E-4
7,495	-2,88368351776351E-4
7,5	-2,89608351776351E-4
7,505	-2,91008351776351E-4
7,51	-2,92718351776351E-4
7,515	-2,94578351776351E-4
7,52	-2,96098351776351E-4
7,525	-2,96868351776351E-4
7,53	-2,97118351776351E-4
7,535	-2,97648351776351E-4
7,54	-2,97918351776351E-4
7,545	-2,98128351776351E-4
7,55	-2,98338351776351E-4
7,555	-2,97888351776351E-4
7,56	-2,97618351776351E-4
7,565	-2,97618351776351E-4
7,57	-2,97888351776351E-4
7,575	-2,97628351776351E-4
7,58	-2,97048351776351E-4
7,585	-2,96418351776351E-4
7,59	-2,94808351776351E-4
7,595	-2,92598351776351E-4
7,6	-2,90838351776351E-4
7,605	-2,89828351776351E-4
7,61	-2,89198351776351E-4
7,615	-2,88938351776351E-4
7,62	-2,88448351776351E-4
7,625	-2,87868351776351E-4
7,63	-2,87748351776351E-4
7,635	-2,87728351776351E-4
7,64	-2,87588351776351E-4
7,645	-2,87368351776351E-4
7,65	-2,87058351776351E-4
7,655	-2,86218351776351E-4
7,66	-2,84558351776351E-4
7,665	-2,82748351776351E-4
7,67	-2,81238351776351E-4
7,675	-2,80828351776351E-4
7,68	-2,81468351776351E-4
7,685	-2,82568351776351E-4
7,69	-2,83688351776351E-4
7,695	-2,84608351776351E-4
7,7	-2,85288351776351E-4
7,705	-2,86278351776351E-4
7,71	-2,87628351776351E-4
7,715	-2,89468351776351E-4
7,72	-2,91568351776351E-4
7,725	-2,93258351776351E-4
7,73	-2,94578351776351E-4
7,735	-2,95508351776351E-4
7,74	-2,96498351776351E-4
7,745	-2,97968351776351E-4
7,75	-2,99448351776351E-4
7,755	-3,01078351776351E-4
7,76	-3,03538351776351E-4
7,765	-3,06208351776351E-4
7,77	-3,07918351776351E-4
7,775	-3,08628351776351E-4
7,78	-3,08748351776351E-4
7,785	-3,08158351776351E-4
7,79	-3,07088351776351E-4
7,795	-3,06158351776351E-4
7,8	-3,05618351776351E-4
7,805	-3,05958351776351E-4
7,81	-3,07298351776351E-4
7,815	-3,09358351776351E-4
7,82	-3,11418351776351E-4
7,825	-3,13148351776351E-4
7,83	-3,14588351776351E-4
7,835	-3,15598351776351E-4
7,84	-3,16398351776351E-4
7,845	-3,17408351776351E-4
7,85	-3,19048351776351E-4
7,855	-3,21358351776351E-4
7,86	-3,23438351776351E-4
7,865	-3,25848351776351E-4
7,87	-3,28698351776351E-4
7,875	-3,30688351776351E-4
7,88	-3,31768351776351E-4
7,885	-3,32378351776351E-4
7,89	-3,32938351776351E-4
7,895	-3,33858351776351E-4
7,9	-3,35268351776351E-4
7,905	-3,36488351776351E-4
7,91	-3,37318351776351E-4
7,915	-3,38848351776351E-4
7,92	-3,40848351776351E-4
7,925	-3,41448351776351E-4
7,93	-3,40368351776351E-4
7,935	-3,39108351776351E-4
7,94	-3,37748351776351E-4
7,945	-3,36308351776351E-4
7,95	-3,34908351776351E-4
7,955	-3,33758351776351E-4
7,96	-3,33588351776351E-4
7,965	-3,34298351776351E-4
7,97	-3,35258351776351E-4
7,975	-3,36498351776351E-4
7,98	-3,37618351776351E-4
7,985	-3,38628351776351E-4
7,99	-3,39738351776351E-4
7,995	-3,41288351776351E-4
8	-3,43618351776351E-4
8,005	-3,46438351776351E-4
8,01	-3,49108351776351E-4
8,015	-3,51628351776351E-4
8,02	-3,53928351776351E-4
8,025	-3,56168351776351E-4
8,03	-3,58498351776351E-4
8,035	-3,60948351776351E-4
8,04	-3,63398351776351E-4
8,045	-3,65548351776351E-4
8,05	-3,67128351776351E-4
8,055	-3,68368351776351E-4
8,06	-3,69768351776351E-4
8,065	-3,71428351776351E-4
8,07	-3,73048351776351E-4
8,075	-3,74598351776351E-4
8,08	-3,76128351776351E-4
8,085	-3,77268351776351E-4
8,09	-3,78028351776351E-4
8,095	-3,78668351776351E-4
8,1	-3,79818351776351E-4
8,105	-3,82138351776351E-4
8,11	-3,85178351776351E-4
8,115	-3,87848351776351E-4
8,12	-3,89728351776351E-4
8,125	-3,91288351776351E-4
8,13	-3,93538351776351E-4
8,135	-3,95918351776351E-4
8,14	-3,98128351776351E-4
8,145	-4,00628351776351E-4
8,15	-4,03418351776351E-4
8,155	-4,06228351776351E-4
8,16	-4,08948351776351E-4
8,165	-4,11398351776351E-4
8,17	-4,13608351776351E-4
8,175	-4,14988351776351E-4
8,18	-4,15758351776351E-4
8,185	-4,16898351776351E-4
8,19	-4,18328351776351E-4
8,195	-4,18808351776351E-4
8,2	-4,17238351776351E-4
8,205	-4,14368351776351E-4
8,21	-4,11748351776351E-4
8,215	-4,09308351776351E-4
8,22	-4,05778351776351E-4
8,225	-4,01048351776351E-4
8,23	-3,96098351776351E-4
8,235	-3,91578351776351E-4
8,24	-3,86658351776351E-4
8,245	-3,82888351776351E-4
8,25	-3,81768351776351E-4
8,255	-3,82818351776351E-4
8,26	-3,86158351776351E-4
8,265	-3,90628351776351E-4
8,27	-3,95358351776351E-4
8,275	-3,99698351776351E-4
8,28	-4,02328351776351E-4
8,285	-4,02808351776351E-4
8,29	-4,02318351776351E-4
8,295	-4,02128351776351E-4
8,3	-4,02128351776351E-4
8,305	-4,02128351776351E-4
8,31	-4,02128351776351E-4
8,315	-4,02118351776351E-4
8,32	-4,02118351776351E-4
8,325	-4,02118351776351E-4
8,33	-4,02118351776351E-4
8,335	-4,02118351776351E-4
8,34	-4,02118351776351E-4
8,345	-4,02118351776351E-4
8,35	-4,02118351776351E-4
8,355	-4,02118351776351E-4
8,36	-4,02118351776351E-4
8,365	-4,02118351776351E-4
8,37	-4,02118351776351E-4
8,375	-4,02118351776351E-4
8,38	-4,02118351776351E-4
8,385	-4,02118351776351E-4
8,39	-4,02118351776351E-4
8,395	-4,02118351776351E-4
8,4	-4,02118351776351E-4
8,405	-4,02118351776351E-4
8,41	-4,02118351776351E-4
8,415	-4,02118351776351E-4
8,42	-4,02118351776351E-4
8,425	-4,02118351776351E-4
8,43	-4,02118351776351E-4
8,435	-4,02118351776351E-4
8,44	-4,02118351776351E-4
8,445	-4,02118351776351E-4
8,45	-4,02118351776351E-4
8,455	-4,02118351776351E-4
8,46	-4,02118351776351E-4
8,465	-4,02118351776351E-4
8,47	-4,02118351776351E-4
8,475	-4,02118351776351E-4
8,48	-4,02108351776351E-4
8,485	-4,02108351776351E-4
8,49	-4,02108351776351E-4
8,495	-4,02108351776351E-4
8,5	-4,02108351776351E-4
