Radial distance	delta n
mm	
	209Bi-Ge
-7,25	9,40651508444964E-4
-7,245	9,47321508444964E-4
-7,24	9,50181508444964E-4
-7,235	9,54001508444964E-4
-7,23	9,56861508444964E-4
-7,225	9,59721508444964E-4
-7,22	9,60671508444964E-4
-7,215	9,62581508444964E-4
-7,21	9,65441508444964E-4
-7,205	9,67351508444964E-4
-7,2	9,69261508444964E-4
-7,195	9,70211508444964E-4
-7,19	9,72121508444964E-4
-7,185	9,75931508444964E-4
-7,18	9,78791508444964E-4
-7,175	9,80701508444964E-4
-7,17	9,82611508444964E-4
-7,165	9,83561508444964E-4
-7,16	9,84511508444964E-4
-7,155	9,85471508444964E-4
-7,15	9,85471508444964E-4
-7,145	9,85471508444964E-4
-7,14	9,84511508444964E-4
-7,135	9,83561508444964E-4
-7,13	9,82611508444964E-4
-7,125	9,81651508444964E-4
-7,12	9,80701508444964E-4
-7,115	9,81651508444964E-4
-7,11	9,79751508444964E-4
-7,105	9,78791508444964E-4
-7,1	9,78791508444964E-4
-7,095	9,76891508444964E-4
-7,09	9,75931508444964E-4
-7,085	9,74981508444964E-4
-7,08	9,74021508444964E-4
-7,075	9,73071508444964E-4
-7,07	9,71161508444964E-4
-7,065	9,69261508444964E-4
-7,06	9,66391508444964E-4
-7,055	9,62581508444964E-4
-7,05	9,58771508444964E-4
-7,045	9,55901508444964E-4
-7,04	9,51141508444964E-4
-7,035	9,46371508444964E-4
-7,03	9,39691508444964E-4
-7,025	9,36831508444964E-4
-7,02	9,37781508444964E-4
-7,015	9,39691508444964E-4
-7,01	9,42551508444964E-4
-7,005	9,46371508444964E-4
-7	9,50181508444964E-4
-6,995	9,54951508444964E-4
-6,99	9,56861508444964E-4
-6,985	9,56861508444964E-4
-6,98	9,54951508444964E-4
-6,975	9,52091508444964E-4
-6,97	9,50181508444964E-4
-6,965	9,49231508444964E-4
-6,96	9,48281508444964E-4
-6,955	9,48281508444964E-4
-6,95	9,48281508444964E-4
-6,945	9,49231508444964E-4
-6,94	9,50181508444964E-4
-6,935	9,50181508444964E-4
-6,93	9,50181508444964E-4
-6,925	9,50181508444964E-4
-6,92	9,49231508444964E-4
-6,915	9,49231508444964E-4
-6,91	9,49231508444964E-4
-6,905	9,47321508444964E-4
-6,9	9,45411508444964E-4
-6,895	9,44461508444964E-4
-6,89	9,44461508444964E-4
-6,885	9,43511508444964E-4
-6,88	9,43511508444964E-4
-6,875	9,43511508444964E-4
-6,87	9,43511508444964E-4
-6,865	9,43511508444964E-4
-6,86	9,43511508444964E-4
-6,855	9,43511508444964E-4
-6,85	9,43511508444964E-4
-6,845	9,43511508444964E-4
-6,84	9,42551508444964E-4
-6,835	9,41601508444964E-4
-6,83	9,40651508444964E-4
-6,825	9,39691508444964E-4
-6,82	9,38741508444964E-4
-6,815	9,37781508444964E-4
-6,81	9,37781508444964E-4
-6,805	9,36831508444964E-4
-6,8	9,34921508444964E-4
-6,795	9,33971508444964E-4
-6,79	9,33021508444964E-4
-6,785	9,32061508444964E-4
-6,78	9,32061508444964E-4
-6,775	9,31111508444964E-4
-6,77	9,32061508444964E-4
-6,765	9,32061508444964E-4
-6,76	9,31111508444964E-4
-6,755	9,30161508444964E-4
-6,75	9,30161508444964E-4
-6,745	9,29201508444964E-4
-6,74	9,29201508444964E-4
-6,735	9,28251508444964E-4
-6,73	9,28251508444964E-4
-6,725	9,29201508444964E-4
-6,72	9,29201508444964E-4
-6,715	9,30161508444964E-4
-6,71	9,30161508444964E-4
-6,705	9,23481508444964E-4
-6,7	9,15851508444964E-4
-6,695	9,10131508444964E-4
-6,69	9,08221508444964E-4
-6,685	9,09171508444964E-4
-6,68	9,11081508444964E-4
-6,675	9,12991508444964E-4
-6,67	9,14901508444964E-4
-6,665	9,15851508444964E-4
-6,66	9,15851508444964E-4
-6,655	9,16801508444964E-4
-6,65	9,17761508444964E-4
-6,645	9,18711508444964E-4
-6,64	9,17761508444964E-4
-6,635	9,16801508444964E-4
-6,63	9,16801508444964E-4
-6,625	9,15851508444964E-4
-6,62	9,15851508444964E-4
-6,615	9,15851508444964E-4
-6,61	9,16801508444964E-4
-6,605	9,15851508444964E-4
-6,6	9,12991508444964E-4
-6,595	9,10131508444964E-4
-6,59	9,08221508444964E-4
-6,585	9,12041508444964E-4
-6,58	9,17761508444964E-4
-6,575	9,23481508444964E-4
-6,57	9,30161508444964E-4
-6,565	9,33971508444964E-4
-6,56	9,36831508444964E-4
-6,555	9,36831508444964E-4
-6,55	9,37781508444964E-4
-6,545	9,39691508444964E-4
-6,54	9,40651508444964E-4
-6,535	9,41601508444964E-4
-6,53	9,42551508444964E-4
-6,525	9,44461508444964E-4
-6,52	9,44461508444964E-4
-6,515	9,46371508444964E-4
-6,51	9,48281508444964E-4
-6,505	9,51141508444964E-4
-6,5	9,54951508444964E-4
-6,495	9,58771508444964E-4
-6,49	9,62581508444964E-4
-6,485	9,67351508444964E-4
-6,48	9,71161508444964E-4
-6,475	9,74021508444964E-4
-6,47	9,76891508444964E-4
-6,465	9,79751508444964E-4
-6,46	9,83561508444964E-4
-6,455	9,85471508444964E-4
-6,45	9,88331508444964E-4
-6,445	9,90241508444964E-4
-6,44	9,92141508444964E-4
-6,435	9,94051508444964E-4
-6,43	9,95011508444964E-4
-6,425	9,95961508444964E-4
-6,42	9,96911508444964E-4
-6,415	9,98821508444964E-4
-6,41	0,00100168150844496
-6,405	0,00100454150844496
-6,4	0,00100740150844496
-6,395	0,00101122150844496
-6,39	0,00101503150844496
-6,385	0,00101789150844496
-6,38	0,00101980150844496
-6,375	0,00102075150844496
-6,37	0,00102171150844496
-6,365	0,00102266150844496
-6,36	0,00102362150844496
-6,355	0,00102362150844496
-6,35	0,00102457150844496
-6,345	0,00102552150844496
-6,34	0,00102552150844496
-6,335	0,00102648150844496
-6,33	0,00102743150844496
-6,325	0,00102838150844496
-6,32	0,00102838150844496
-6,315	0,00102743150844496
-6,31	0,00102743150844496
-6,305	0,00102838150844496
-6,3	0,00102838150844496
-6,295	0,00102743150844496
-6,29	0,00102743150844496
-6,285	0,00102743150844496
-6,28	0,00102838150844496
-6,275	0,00102838150844496
-6,27	0,00102838150844496
-6,265	0,00102648150844496
-6,26	0,00102552150844496
-6,255	0,00102457150844496
-6,25	0,00102266150844496
-6,245	0,00102171150844496
-6,24	0,00102075150844496
-6,235	0,00101885150844496
-6,23	0,00101789150844496
-6,225	0,00101694150844496
-6,22	0,00101503150844496
-6,215	0,00101312150844496
-6,21	0,00101122150844496
-6,205	0,00101026150844496
-6,2	0,00100836150844496
-6,195	0,00100550150844496
-6,19	0,00100263150844496
-6,185	9,99771508444964E-4
-6,18	9,98821508444964E-4
-6,175	9,96911508444964E-4
-6,17	9,95011508444964E-4
-6,165	9,93101508444964E-4
-6,16	9,92141508444964E-4
-6,155	9,91191508444964E-4
-6,15	9,91191508444964E-4
-6,145	9,90241508444964E-4
-6,14	9,89281508444964E-4
-6,135	9,88331508444964E-4
-6,13	9,87381508444964E-4
-6,125	9,86421508444964E-4
-6,12	9,85471508444964E-4
-6,115	9,83561508444964E-4
-6,11	9,82611508444964E-4
-6,105	9,82611508444964E-4
-6,1	9,80701508444964E-4
-6,095	9,80701508444964E-4
-6,09	9,78791508444964E-4
-6,085	9,77841508444964E-4
-6,08	9,76891508444964E-4
-6,075	9,76891508444964E-4
-6,07	9,77841508444964E-4
-6,065	9,78791508444964E-4
-6,06	9,79751508444964E-4
-6,055	9,82611508444964E-4
-6,05	9,84511508444964E-4
-6,045	9,86421508444964E-4
-6,04	9,88331508444964E-4
-6,035	9,88331508444964E-4
-6,03	9,88331508444964E-4
-6,025	9,91191508444964E-4
-6,02	9,95011508444964E-4
-6,015	9,96911508444964E-4
-6,01	9,98821508444964E-4
-6,005	9,99771508444964E-4
-6	9,88331508444964E-4
-5,995	9,52091508444964E-4
-5,99	8,64351508444964E-4
-5,985	6,35471508444964E-4
-5,98	3,51271508444964E-4
-5,975	1,61491508444964E-4
-5,97	6,23115084449637E-5
-5,965	1,08115084449637E-5
-5,96	-1,11184915550363E-5
-5,955	-1,49384915550363E-5
-5,95	-6,2849155503628E-7
-5,945	1,27215084449637E-5
-5,94	2,22615084449636E-5
-5,935	2,70315084449637E-5
-5,93	2,98915084449636E-5
-5,925	3,17915084449636E-5
-5,92	3,37015084449637E-5
-5,915	3,46615084449637E-5
-5,91	3,56115084449637E-5
-5,905	3,65615084449637E-5
-5,9	3,75215084449636E-5
-5,895	3,94215084449636E-5
-5,89	4,13315084449637E-5
-5,885	4,22815084449637E-5
-5,88	4,22815084449637E-5
-5,875	4,22815084449637E-5
-5,87	4,13315084449637E-5
-5,865	4,03815084449637E-5
-5,86	4,03815084449637E-5
-5,855	4,13315084449637E-5
-5,85	4,03815084449637E-5
-5,845	4,13315084449637E-5
-5,84	4,22815084449637E-5
-5,835	4,13315084449637E-5
-5,83	3,94215084449636E-5
-5,825	4,13315084449637E-5
-5,82	4,32415084449637E-5
-5,815	4,61015084449636E-5
-5,81	5,08715084449636E-5
-5,805	5,46815084449636E-5
-5,8	5,85015084449636E-5
-5,795	6,32715084449637E-5
-5,79	6,61315084449636E-5
-5,785	6,80315084449636E-5
-5,78	7,28015084449637E-5
-5,775	7,66215084449637E-5
-5,77	7,94815084449637E-5
-5,765	8,23415084449636E-5
-5,76	8,42515084449637E-5
-5,755	8,61515084449637E-5
-5,75	8,61515084449637E-5
-5,745	8,80615084449637E-5
-5,74	8,90115084449637E-5
-5,735	8,90115084449637E-5
-5,73	8,90115084449637E-5
-5,725	8,90115084449637E-5
-5,72	8,90115084449637E-5
-5,715	8,80615084449637E-5
-5,71	8,71115084449637E-5
-5,705	8,52015084449637E-5
-5,7	8,32915084449636E-5
-5,695	8,23415084449636E-5
-5,69	8,04315084449637E-5
-5,685	7,85215084449637E-5
-5,68	7,66215084449637E-5
-5,675	7,56615084449636E-5
-5,67	7,47115084449636E-5
-5,665	7,28015084449637E-5
-5,66	7,18515084449637E-5
-5,655	7,08915084449637E-5
-5,65	7,08915084449637E-5
-5,645	6,99415084449637E-5
-5,64	6,89915084449637E-5
-5,635	6,99415084449637E-5
-5,63	7,08915084449637E-5
-5,625	6,99415084449637E-5
-5,62	6,89915084449637E-5
-5,615	6,89915084449637E-5
-5,61	6,80315084449636E-5
-5,605	6,99415084449637E-5
-5,6	7,47115084449636E-5
-5,595	8,23415084449636E-5
-5,59	8,42515084449637E-5
-5,585	7,94815084449637E-5
-5,58	6,99415084449637E-5
-5,575	5,65915084449637E-5
-5,57	4,41915084449637E-5
-5,565	3,46615084449637E-5
-5,56	2,79815084449637E-5
-5,555	2,51215084449637E-5
-5,55	2,51215084449637E-5
-5,545	2,70315084449637E-5
-5,54	2,70315084449637E-5
-5,535	2,70315084449637E-5
-5,53	2,51215084449637E-5
-5,525	2,41615084449636E-5
-5,52	2,13015084449637E-5
-5,515	1,94015084449637E-5
-5,51	1,84415084449637E-5
-5,505	1,74915084449637E-5
-5,5	1,55815084449636E-5
-5,495	1,36715084449637E-5
-5,49	1,08115084449637E-5
-5,485	7,95150844496372E-6
-5,48	5,09150844496369E-6
-5,475	1,28150844496365E-6
-5,47	-1,57849155503638E-6
-5,465	-3,48849155503632E-6
-5,46	-6,34849155503635E-6
-5,455	-8,25849155503629E-6
-5,45	-1,20684915550363E-5
-5,445	-1,77984915550363E-5
-5,44	-2,25684915550363E-5
-5,435	-3,01884915550364E-5
-5,43	-3,78184915550364E-5
-5,425	-4,73584915550364E-5
-5,42	-5,40384915550364E-5
-5,415	-5,97584915550363E-5
-5,41	-6,64284915550364E-5
-5,405	-7,02484915550362E-5
-5,4	-7,40584915550364E-5
-5,395	-7,40584915550364E-5
-5,39	-7,59684915550363E-5
-5,385	-7,88284915550362E-5
-5,38	-8,26484915550363E-5
-5,375	-8,64584915550362E-5
-5,37	-9,21784915550363E-5
-5,365	-9,50384915550362E-5
-5,36	-9,98084915550363E-5
-5,355	-1,00768491555036E-4
-5,35	-1,03628491555036E-4
-5,345	-1,08398491555036E-4
-5,34	-1,13158491555036E-4
-5,335	-1,17928491555036E-4
-5,33	-1,21748491555036E-4
-5,325	-1,24608491555036E-4
-5,32	-1,27468491555036E-4
-5,315	-1,29378491555036E-4
-5,31	-1,34148491555036E-4
-5,305	-1,39868491555036E-4
-5,3	-1,44638491555036E-4
-5,295	-1,50358491555036E-4
-5,29	-1,53218491555036E-4
-5,285	-1,56078491555036E-4
-5,28	-1,57988491555036E-4
-5,275	-1,60848491555036E-4
-5,27	-1,65618491555036E-4
-5,265	-1,67518491555036E-4
-5,26	-1,68478491555036E-4
-5,255	-1,69428491555036E-4
-5,25	-1,66568491555036E-4
-5,245	-1,67518491555036E-4
-5,24	-1,70378491555036E-4
-5,235	-1,72288491555036E-4
-5,23	-1,76108491555036E-4
-5,225	-1,78008491555036E-4
-5,22	-1,82778491555036E-4
-5,215	-1,87548491555036E-4
-5,21	-1,89458491555036E-4
-5,205	-1,93268491555036E-4
-5,2	-1,96128491555036E-4
-5,195	-1,98038491555036E-4
-5,19	-1,99948491555036E-4
-5,185	-2,00898491555036E-4
-5,18	-2,02808491555036E-4
-5,175	-2,03758491555036E-4
-5,17	-2,03758491555036E-4
-5,165	-2,01858491555036E-4
-5,16	-2,02808491555036E-4
-5,155	-2,02808491555036E-4
-5,15	-2,01858491555036E-4
-5,145	-2,01858491555036E-4
-5,14	-2,01858491555036E-4
-5,135	-2,02808491555036E-4
-5,13	-2,01858491555036E-4
-5,125	-2,00898491555036E-4
-5,12	-2,01858491555036E-4
-5,115	-2,01858491555036E-4
-5,11	-2,01858491555036E-4
-5,105	-2,02808491555036E-4
-5,1	-2,03758491555036E-4
-5,095	-2,00898491555036E-4
-5,09	-1,98998491555036E-4
-5,085	-1,97088491555036E-4
-5,08	-1,96128491555036E-4
-5,075	-1,95178491555036E-4
-5,07	-1,95178491555036E-4
-5,065	-1,99948491555036E-4
-5,06	-1,99948491555036E-4
-5,055	-2,00898491555036E-4
-5,05	-1,98998491555036E-4
-5,045	-1,92318491555036E-4
-5,04	-1,83738491555036E-4
-5,035	-1,75148491555036E-4
-5,03	-1,66568491555036E-4
-5,025	-1,57988491555036E-4
-5,02	-1,50358491555036E-4
-5,015	-1,43678491555036E-4
-5,01	-1,37958491555036E-4
-5,005	-1,29378491555036E-4
-5	-1,21748491555036E-4
-4,995	-1,14118491555036E-4
-4,99	-1,06488491555036E-4
-4,985	-9,98084915550363E-5
-4,98	-9,31384915550362E-5
-4,975	-8,74184915550364E-5
-4,97	-8,16884915550364E-5
-4,965	-7,50184915550363E-5
-4,96	-7,11984915550362E-5
-4,955	-6,45284915550364E-5
-4,95	-5,97584915550363E-5
-4,945	-5,59384915550364E-5
-4,94	-5,11784915550363E-5
-4,935	-4,64084915550364E-5
-4,93	-4,16384915550364E-5
-4,925	-3,78184915550364E-5
-4,92	-3,40084915550363E-5
-4,915	-3,01884915550364E-5
-4,91	-2,82884915550364E-5
-4,905	-2,63784915550363E-5
-4,9	-2,06584915550364E-5
-4,895	-1,58884915550363E-5
-4,89	-1,30284915550364E-5
-4,885	-9,20849155503628E-6
-4,88	-6,34849155503635E-6
-4,875	-4,44849155503636E-6
-4,87	-2,53849155503632E-6
-4,865	-1,57849155503638E-6
-4,86	3,21508444963716E-7
-4,855	2,23150844496365E-6
-4,85	2,23150844496365E-6
-4,845	2,23150844496365E-6
-4,84	2,23150844496365E-6
-4,835	2,23150844496365E-6
-4,83	3,18150844496364E-6
-4,825	3,18150844496364E-6
-4,82	3,18150844496364E-6
-4,815	4,14150844496369E-6
-4,81	5,09150844496369E-6
-4,805	7,00150844496362E-6
-4,8	7,95150844496372E-6
-4,795	7,00150844496362E-6
-4,79	6,04150844496368E-6
-4,785	6,04150844496368E-6
-4,78	6,04150844496368E-6
-4,775	7,95150844496372E-6
-4,77	8,91150844496366E-6
-4,765	1,08115084449637E-5
-4,76	9,86150844496366E-6
-4,755	9,86150844496366E-6
-4,75	1,17715084449637E-5
-4,745	1,36715084449637E-5
-4,74	1,65415084449637E-5
-4,735	1,65415084449637E-5
-4,73	1,74915084449637E-5
-4,725	1,84415084449637E-5
-4,72	2,13015084449637E-5
-4,715	2,22615084449636E-5
-4,71	2,60715084449637E-5
-4,705	2,79815084449637E-5
-4,7	2,79815084449637E-5
-4,695	2,79815084449637E-5
-4,69	3,17915084449636E-5
-4,685	3,56115084449637E-5
-4,68	3,94215084449636E-5
-4,675	4,03815084449637E-5
-4,67	4,32415084449637E-5
-4,665	4,70515084449636E-5
-4,66	4,99115084449637E-5
-4,655	5,18215084449637E-5
-4,65	5,56415084449637E-5
-4,645	6,04015084449636E-5
-4,64	6,23115084449637E-5
-4,635	6,61315084449636E-5
-4,63	7,08915084449637E-5
-4,625	7,37615084449636E-5
-4,62	7,75715084449637E-5
-4,615	7,94815084449637E-5
-4,61	8,04315084449637E-5
-4,605	8,23415084449636E-5
-4,6	8,42515084449637E-5
-4,595	8,80615084449637E-5
-4,59	9,18815084449637E-5
-4,585	9,56915084449637E-5
-4,58	9,85515084449636E-5
-4,575	1,04271508444964E-4
-4,57	1,09041508444964E-4
-4,565	1,15721508444964E-4
-4,56	1,19531508444964E-4
-4,555	1,23351508444964E-4
-4,55	1,26211508444964E-4
-4,545	1,30981508444964E-4
-4,54	1,37651508444964E-4
-4,535	1,38611508444964E-4
-4,53	1,41471508444964E-4
-4,525	1,42421508444964E-4
-4,52	1,43371508444964E-4
-4,515	1,44331508444964E-4
-4,51	1,47191508444964E-4
-4,505	1,50051508444964E-4
-4,5	1,50051508444964E-4
-4,495	1,51001508444964E-4
-4,49	1,51961508444964E-4
-4,485	1,53861508444964E-4
-4,48	1,54821508444964E-4
-4,475	1,57681508444964E-4
-4,47	1,59591508444964E-4
-4,465	1,58631508444964E-4
-4,46	1,58631508444964E-4
-4,455	1,63401508444964E-4
-4,45	1,64351508444964E-4
-4,445	1,64351508444964E-4
-4,44	1,65311508444964E-4
-4,435	1,68171508444964E-4
-4,43	1,68171508444964E-4
-4,425	1,70081508444964E-4
-4,42	1,72941508444964E-4
-4,415	1,74851508444964E-4
-4,41	1,79611508444964E-4
-4,405	1,83431508444964E-4
-4,4	1,87241508444964E-4
-4,395	1,90101508444964E-4
-4,39	1,91061508444964E-4
-4,385	1,92971508444964E-4
-4,38	1,92011508444964E-4
-4,375	1,92011508444964E-4
-4,37	1,92011508444964E-4
-4,365	1,92971508444964E-4
-4,36	1,92971508444964E-4
-4,355	1,90101508444964E-4
-4,35	1,88201508444964E-4
-4,345	1,88201508444964E-4
-4,34	1,89151508444964E-4
-4,335	1,90101508444964E-4
-4,33	1,91061508444964E-4
-4,325	1,89151508444964E-4
-4,32	1,89151508444964E-4
-4,315	1,92011508444964E-4
-4,31	1,92011508444964E-4
-4,305	1,93921508444964E-4
-4,3	1,93921508444964E-4
-4,295	1,92011508444964E-4
-4,29	1,92011508444964E-4
-4,285	1,91061508444964E-4
-4,28	1,89151508444964E-4
-4,275	1,89151508444964E-4
-4,27	1,84381508444964E-4
-4,265	1,73891508444964E-4
-4,26	1,61491508444964E-4
-4,255	1,53861508444964E-4
-4,25	1,65311508444964E-4
-4,245	2,05361508444964E-4
-4,24	2,47321508444964E-4
-4,235	2,80701508444964E-4
-4,23	2,94051508444964E-4
-4,225	2,98821508444964E-4
-4,22	2,95961508444964E-4
-4,215	2,88331508444964E-4
-4,21	2,79751508444964E-4
-4,205	2,70211508444964E-4
-4,2	2,62581508444964E-4
-4,195	2,55911508444964E-4
-4,19	2,50191508444964E-4
-4,185	2,46371508444964E-4
-4,18	2,43511508444964E-4
-4,175	2,41601508444964E-4
-4,17	2,38741508444964E-4
-4,165	2,36831508444964E-4
-4,16	2,34931508444964E-4
-4,155	2,33021508444964E-4
-4,15	2,31111508444964E-4
-4,145	2,29201508444964E-4
-4,14	2,28251508444964E-4
-4,135	2,25391508444964E-4
-4,13	2,23481508444964E-4
-4,125	2,19671508444964E-4
-4,12	2,17761508444964E-4
-4,115	2,15851508444964E-4
-4,11	2,13951508444964E-4
-4,105	2,12991508444964E-4
-4,1	2,10131508444964E-4
-4,095	2,06321508444964E-4
-4,09	2,02501508444964E-4
-4,085	1,98691508444964E-4
-4,08	1,93921508444964E-4
-4,075	1,88201508444964E-4
-4,07	1,83431508444964E-4
-4,065	1,78661508444964E-4
-4,06	1,77711508444964E-4
-4,055	1,78661508444964E-4
-4,05	1,80571508444964E-4
-4,045	1,82471508444964E-4
-4,04	1,82471508444964E-4
-4,035	1,82471508444964E-4
-4,03	1,83431508444964E-4
-4,025	1,86291508444964E-4
-4,02	1,89151508444964E-4
-4,015	1,90101508444964E-4
-4,01	1,90101508444964E-4
-4,005	1,89151508444964E-4
-4	1,88201508444964E-4
-3,995	1,86291508444964E-4
-3,99	1,85341508444964E-4
-3,985	1,84381508444964E-4
-3,98	1,82471508444964E-4
-3,975	1,81521508444964E-4
-3,97	1,81521508444964E-4
-3,965	1,82471508444964E-4
-3,96	1,82471508444964E-4
-3,955	1,82471508444964E-4
-3,95	1,79611508444964E-4
-3,945	1,79611508444964E-4
-3,94	1,79611508444964E-4
-3,935	1,79611508444964E-4
-3,93	1,77711508444964E-4
-3,925	1,75801508444964E-4
-3,92	1,73891508444964E-4
-3,915	1,73891508444964E-4
-3,91	1,72941508444964E-4
-3,905	1,73891508444964E-4
-3,9	1,77711508444964E-4
-3,895	1,78661508444964E-4
-3,89	1,75801508444964E-4
-3,885	1,75801508444964E-4
-3,88	1,75801508444964E-4
-3,875	1,74851508444964E-4
-3,87	1,76751508444964E-4
-3,865	1,76751508444964E-4
-3,86	1,78661508444964E-4
-3,855	1,80571508444964E-4
-3,85	1,83431508444964E-4
-3,845	1,85341508444964E-4
-3,84	1,87241508444964E-4
-3,835	1,87241508444964E-4
-3,83	1,89151508444964E-4
-3,825	1,92011508444964E-4
-3,82	1,94871508444964E-4
-3,815	1,94871508444964E-4
-3,81	1,94871508444964E-4
-3,805	1,95831508444964E-4
-3,8	1,96781508444964E-4
-3,795	1,97731508444964E-4
-3,79	1,97731508444964E-4
-3,785	1,99641508444964E-4
-3,78	2,01551508444964E-4
-3,775	2,03461508444964E-4
-3,77	2,04411508444964E-4
-3,765	2,05361508444964E-4
-3,76	2,09181508444964E-4
-3,755	2,10131508444964E-4
-3,75	2,12991508444964E-4
-3,745	2,16811508444964E-4
-3,74	2,19671508444964E-4
-3,735	2,21581508444964E-4
-3,73	2,25391508444964E-4
-3,725	2,26341508444964E-4
-3,72	2,27301508444964E-4
-3,715	2,27301508444964E-4
-3,71	2,27301508444964E-4
-3,705	2,27301508444964E-4
-3,7	2,30161508444964E-4
-3,695	2,29201508444964E-4
-3,69	2,30161508444964E-4
-3,685	2,33971508444964E-4
-3,68	2,34931508444964E-4
-3,675	2,35881508444964E-4
-3,67	2,33971508444964E-4
-3,665	2,33971508444964E-4
-3,66	2,35881508444964E-4
-3,655	2,36831508444964E-4
-3,65	2,37791508444964E-4
-3,645	2,35881508444964E-4
-3,64	2,33971508444964E-4
-3,635	2,32071508444964E-4
-3,63	2,32071508444964E-4
-3,625	2,31111508444964E-4
-3,62	2,31111508444964E-4
-3,615	2,31111508444964E-4
-3,61	2,30161508444964E-4
-3,605	2,26341508444964E-4
-3,6	2,23481508444964E-4
-3,595	2,19671508444964E-4
-3,59	2,18711508444964E-4
-3,585	2,16811508444964E-4
-3,58	2,12991508444964E-4
-3,575	2,11081508444964E-4
-3,57	2,08221508444964E-4
-3,565	2,04411508444964E-4
-3,56	2,01551508444964E-4
-3,555	1,98691508444964E-4
-3,55	1,97731508444964E-4
-3,545	1,95831508444964E-4
-3,54	1,96781508444964E-4
-3,535	1,94871508444964E-4
-3,53	1,94871508444964E-4
-3,525	1,93921508444964E-4
-3,52	1,94871508444964E-4
-3,515	1,95831508444964E-4
-3,51	1,98691508444964E-4
-3,505	1,99641508444964E-4
-3,5	2,01551508444964E-4
-3,495	2,03461508444964E-4
-3,49	2,05361508444964E-4
-3,485	2,06321508444964E-4
-3,48	2,08221508444964E-4
-3,475	2,07271508444964E-4
-3,47	2,08221508444964E-4
-3,465	2,07271508444964E-4
-3,46	2,06321508444964E-4
-3,455	2,06321508444964E-4
-3,45	2,06321508444964E-4
-3,445	2,04411508444964E-4
-3,44	2,03461508444964E-4
-3,435	2,04411508444964E-4
-3,43	2,03461508444964E-4
-3,425	2,02501508444964E-4
-3,42	2,00591508444964E-4
-3,415	1,98691508444964E-4
-3,41	1,96781508444964E-4
-3,405	1,96781508444964E-4
-3,4	1,96781508444964E-4
-3,395	1,95831508444964E-4
-3,39	1,95831508444964E-4
-3,385	1,94871508444964E-4
-3,38	1,93921508444964E-4
-3,375	1,92971508444964E-4
-3,37	1,96781508444964E-4
-3,365	1,97731508444964E-4
-3,36	1,96781508444964E-4
-3,355	1,98691508444964E-4
-3,35	1,99641508444964E-4
-3,345	2,00591508444964E-4
-3,34	2,02501508444964E-4
-3,335	2,04411508444964E-4
-3,33	2,07271508444964E-4
-3,325	2,10131508444964E-4
-3,32	2,11081508444964E-4
-3,315	2,12991508444964E-4
-3,31	2,12991508444964E-4
-3,305	2,13951508444964E-4
-3,3	2,15851508444964E-4
-3,295	2,16811508444964E-4
-3,29	2,17761508444964E-4
-3,285	2,19671508444964E-4
-3,28	2,21581508444964E-4
-3,275	2,21581508444964E-4
-3,27	2,22531508444964E-4
-3,265	2,23481508444964E-4
-3,26	2,25391508444964E-4
-3,255	2,27301508444964E-4
-3,25	2,29201508444964E-4
-3,245	2,30161508444964E-4
-3,24	2,31111508444964E-4
-3,235	2,33021508444964E-4
-3,23	2,34931508444964E-4
-3,225	2,35881508444964E-4
-3,22	2,33971508444964E-4
-3,215	2,33971508444964E-4
-3,21	2,33971508444964E-4
-3,205	2,33971508444964E-4
-3,2	2,35881508444964E-4
-3,195	2,37791508444964E-4
-3,19	2,41601508444964E-4
-3,185	2,47321508444964E-4
-3,18	2,51141508444964E-4
-3,175	2,53051508444964E-4
-3,17	2,54951508444964E-4
-3,165	2,56861508444964E-4
-3,16	2,57811508444964E-4
-3,155	2,59721508444964E-4
-3,15	2,60681508444964E-4
-3,145	2,62581508444964E-4
-3,14	2,63541508444964E-4
-3,135	2,64491508444964E-4
-3,13	2,66401508444964E-4
-3,125	2,70211508444964E-4
-3,12	2,72121508444964E-4
-3,115	2,74031508444964E-4
-3,11	2,74981508444964E-4
-3,105	2,77841508444964E-4
-3,1	2,79751508444964E-4
-3,095	2,81661508444964E-4
-3,09	2,82611508444964E-4
-3,085	2,83561508444964E-4
-3,08	2,84521508444964E-4
-3,075	2,84521508444964E-4
-3,07	2,84521508444964E-4
-3,065	2,85471508444964E-4
-3,06	2,88331508444964E-4
-3,055	2,91191508444964E-4
-3,05	2,92151508444964E-4
-3,045	2,93101508444964E-4
-3,04	2,93101508444964E-4
-3,035	2,93101508444964E-4
-3,03	2,94051508444964E-4
-3,025	2,92151508444964E-4
-3,02	2,92151508444964E-4
-3,015	2,91191508444964E-4
-3,01	2,91191508444964E-4
-3,005	2,91191508444964E-4
-3	2,92151508444964E-4
-2,995	2,90241508444964E-4
-2,99	2,88331508444964E-4
-2,985	2,88331508444964E-4
-2,98	2,89291508444964E-4
-2,975	2,89291508444964E-4
-2,97	2,88331508444964E-4
-2,965	2,87381508444964E-4
-2,96	2,89291508444964E-4
-2,955	2,90241508444964E-4
-2,95	2,89291508444964E-4
-2,945	2,88331508444964E-4
-2,94	2,88331508444964E-4
-2,935	2,88331508444964E-4
-2,93	2,87381508444964E-4
-2,925	2,87381508444964E-4
-2,92	2,89291508444964E-4
-2,915	2,88331508444964E-4
-2,91	2,89291508444964E-4
-2,905	2,90241508444964E-4
-2,9	2,93101508444964E-4
-2,895	2,95011508444964E-4
-2,89	2,95961508444964E-4
-2,885	2,95961508444964E-4
-2,88	2,97871508444964E-4
-2,875	2,98821508444964E-4
-2,87	2,97871508444964E-4
-2,865	3,00731508444964E-4
-2,86	3,03591508444964E-4
-2,855	3,06451508444964E-4
-2,85	3,10271508444964E-4
-2,845	3,11221508444964E-4
-2,84	3,13131508444964E-4
-2,835	3,15041508444964E-4
-2,83	3,16941508444964E-4
-2,825	3,18851508444964E-4
-2,82	3,19801508444964E-4
-2,815	3,20761508444964E-4
-2,81	3,19801508444964E-4
-2,805	3,19801508444964E-4
-2,8	3,18851508444964E-4
-2,795	3,19801508444964E-4
-2,79	3,19801508444964E-4
-2,785	3,19801508444964E-4
-2,78	3,20761508444964E-4
-2,775	3,20761508444964E-4
-2,77	3,19801508444964E-4
-2,765	3,19801508444964E-4
-2,76	3,20761508444964E-4
-2,755	3,23621508444964E-4
-2,75	3,23621508444964E-4
-2,745	3,21711508444964E-4
-2,74	3,21711508444964E-4
-2,735	3,23621508444964E-4
-2,73	3,28391508444964E-4
-2,725	3,31251508444964E-4
-2,72	3,35061508444964E-4
-2,715	3,36971508444964E-4
-2,71	3,36971508444964E-4
-2,705	3,40781508444964E-4
-2,7	3,43651508444964E-4
-2,695	3,49371508444964E-4
-2,69	3,54141508444964E-4
-2,685	3,57951508444964E-4
-2,68	3,61771508444964E-4
-2,675	3,64631508444964E-4
-2,67	3,67491508444964E-4
-2,665	3,69391508444964E-4
-2,66	3,71301508444964E-4
-2,655	3,76071508444964E-4
-2,65	3,81791508444964E-4
-2,645	3,86561508444964E-4
-2,64	3,88471508444964E-4
-2,635	3,89421508444964E-4
-2,63	3,90381508444964E-4
-2,625	3,90381508444964E-4
-2,62	3,90381508444964E-4
-2,615	3,90381508444964E-4
-2,61	3,90381508444964E-4
-2,605	3,90381508444964E-4
-2,6	3,92281508444964E-4
-2,595	3,92281508444964E-4
-2,59	3,92281508444964E-4
-2,585	3,91331508444964E-4
-2,58	3,90381508444964E-4
-2,575	3,91331508444964E-4
-2,57	3,91331508444964E-4
-2,565	3,92281508444964E-4
-2,56	3,94191508444964E-4
-2,555	3,93241508444964E-4
-2,55	3,93241508444964E-4
-2,545	3,94191508444964E-4
-2,54	3,94191508444964E-4
-2,535	3,91331508444964E-4
-2,53	3,91331508444964E-4
-2,525	3,90381508444964E-4
-2,52	3,88471508444964E-4
-2,515	3,87511508444964E-4
-2,51	3,88471508444964E-4
-2,505	3,87511508444964E-4
-2,5	3,86561508444964E-4
-2,495	3,86561508444964E-4
-2,49	3,85611508444964E-4
-2,485	3,81791508444964E-4
-2,48	3,79891508444964E-4
-2,475	3,76071508444964E-4
-2,47	3,73211508444964E-4
-2,465	3,69391508444964E-4
-2,46	3,68441508444964E-4
-2,455	3,66531508444964E-4
-2,45	3,64631508444964E-4
-2,445	3,62721508444964E-4
-2,44	3,60811508444964E-4
-2,435	3,59861508444964E-4
-2,43	3,57951508444964E-4
-2,425	3,57001508444964E-4
-2,42	3,56041508444964E-4
-2,415	3,51271508444964E-4
-2,41	3,45551508444964E-4
-2,405	3,42691508444964E-4
-2,4	3,38881508444964E-4
-2,395	3,36971508444964E-4
-2,39	3,36021508444964E-4
-2,385	3,36971508444964E-4
-2,38	3,37921508444964E-4
-2,375	3,39831508444964E-4
-2,37	3,42691508444964E-4
-2,365	3,48411508444964E-4
-2,36	3,56041508444964E-4
-2,355	3,54141508444964E-4
-2,35	3,49371508444964E-4
-2,345	3,46511508444964E-4
-2,34	3,44601508444964E-4
-2,335	3,42691508444964E-4
-2,33	3,41741508444964E-4
-2,325	3,41741508444964E-4
-2,32	3,38881508444964E-4
-2,315	3,35061508444964E-4
-2,31	3,31251508444964E-4
-2,305	3,27431508444964E-4
-2,3	3,24571508444964E-4
-2,295	3,21711508444964E-4
-2,29	3,17901508444964E-4
-2,285	3,15041508444964E-4
-2,28	3,11221508444964E-4
-2,275	3,09311508444964E-4
-2,27	3,08361508444964E-4
-2,265	3,07411508444964E-4
-2,26	3,06451508444964E-4
-2,255	3,05501508444964E-4
-2,25	3,06451508444964E-4
-2,245	3,05501508444964E-4
-2,24	3,07411508444964E-4
-2,235	3,09311508444964E-4
-2,23	3,11221508444964E-4
-2,225	3,10271508444964E-4
-2,22	3,09311508444964E-4
-2,215	3,08361508444964E-4
-2,21	3,07411508444964E-4
-2,205	3,08361508444964E-4
-2,2	3,07411508444964E-4
-2,195	3,06451508444964E-4
-2,19	3,05501508444964E-4
-2,185	3,04541508444964E-4
-2,18	3,02641508444964E-4
-2,175	3,05501508444964E-4
-2,17	3,03591508444964E-4
-2,165	3,03591508444964E-4
-2,16	3,04541508444964E-4
-2,155	3,06451508444964E-4
-2,15	3,06451508444964E-4
-2,145	3,07411508444964E-4
-2,14	3,07411508444964E-4
-2,135	3,09311508444964E-4
-2,13	3,08361508444964E-4
-2,125	3,07411508444964E-4
-2,12	3,09311508444964E-4
-2,115	3,10271508444964E-4
-2,11	3,11221508444964E-4
-2,105	3,10271508444964E-4
-2,1	3,09311508444964E-4
-2,095	3,09311508444964E-4
-2,09	3,11221508444964E-4
-2,085	3,12171508444964E-4
-2,08	3,13131508444964E-4
-2,075	3,13131508444964E-4
-2,07	3,14081508444964E-4
-2,065	3,13131508444964E-4
-2,06	3,14081508444964E-4
-2,055	3,14081508444964E-4
-2,05	3,13131508444964E-4
-2,045	3,11221508444964E-4
-2,04	3,11221508444964E-4
-2,035	3,09311508444964E-4
-2,03	3,07411508444964E-4
-2,025	3,07411508444964E-4
-2,02	3,05501508444964E-4
-2,015	3,03591508444964E-4
-2,01	3,01681508444964E-4
-2,005	3,01681508444964E-4
-2	3,00731508444964E-4
-1,995	2,99781508444964E-4
-1,99	2,97871508444964E-4
-1,985	2,95011508444964E-4
-1,98	2,94051508444964E-4
-1,975	2,92151508444964E-4
-1,97	2,89291508444964E-4
-1,965	2,86431508444964E-4
-1,96	2,83561508444964E-4
-1,955	2,81661508444964E-4
-1,95	2,76891508444964E-4
-1,945	2,74031508444964E-4
-1,94	2,70211508444964E-4
-1,935	2,68311508444964E-4
-1,93	2,66401508444964E-4
-1,925	2,64491508444964E-4
-1,92	2,64491508444964E-4
-1,915	2,60681508444964E-4
-1,91	2,57811508444964E-4
-1,905	2,56861508444964E-4
-1,9	2,55911508444964E-4
-1,895	2,54951508444964E-4
-1,89	2,53051508444964E-4
-1,885	2,54001508444964E-4
-1,88	2,57811508444964E-4
-1,875	2,58771508444964E-4
-1,87	2,57811508444964E-4
-1,865	2,56861508444964E-4
-1,86	2,54951508444964E-4
-1,855	2,54001508444964E-4
-1,85	2,51141508444964E-4
-1,845	2,49231508444964E-4
-1,84	2,47321508444964E-4
-1,835	2,45421508444964E-4
-1,83	2,42561508444964E-4
-1,825	2,41601508444964E-4
-1,82	2,38741508444964E-4
-1,815	2,36831508444964E-4
-1,81	2,36831508444964E-4
-1,805	2,37791508444964E-4
-1,8	2,37791508444964E-4
-1,795	2,36831508444964E-4
-1,79	2,34931508444964E-4
-1,785	2,32071508444964E-4
-1,78	2,33971508444964E-4
-1,775	2,36831508444964E-4
-1,77	2,36831508444964E-4
-1,765	2,36831508444964E-4
-1,76	2,34931508444964E-4
-1,755	2,33971508444964E-4
-1,75	2,33971508444964E-4
-1,745	2,41601508444964E-4
-1,74	2,48281508444964E-4
-1,735	2,54001508444964E-4
-1,73	2,61631508444964E-4
-1,725	2,67351508444964E-4
-1,72	2,72121508444964E-4
-1,715	2,76891508444964E-4
-1,71	2,76891508444964E-4
-1,705	2,76891508444964E-4
-1,7	2,78801508444964E-4
-1,695	2,79751508444964E-4
-1,69	2,78801508444964E-4
-1,685	2,78801508444964E-4
-1,68	2,77841508444964E-4
-1,675	2,76891508444964E-4
-1,67	2,74031508444964E-4
-1,665	2,72121508444964E-4
-1,66	2,69261508444964E-4
-1,655	2,67351508444964E-4
-1,65	2,65441508444964E-4
-1,645	2,61631508444964E-4
-1,64	2,57811508444964E-4
-1,635	2,53051508444964E-4
-1,63	2,51141508444964E-4
-1,625	2,46371508444964E-4
-1,62	2,40651508444964E-4
-1,615	2,33021508444964E-4
-1,61	2,24441508444964E-4
-1,605	2,16811508444964E-4
-1,6	2,05361508444964E-4
-1,595	1,92011508444964E-4
-1,59	1,77711508444964E-4
-1,585	1,65311508444964E-4
-1,58	1,51001508444964E-4
-1,575	1,35741508444964E-4
-1,57	1,22391508444964E-4
-1,565	1,11901508444964E-4
-1,56	1,08091508444964E-4
-1,555	1,10001508444964E-4
-1,55	1,21441508444964E-4
-1,545	1,43371508444964E-4
-1,54	1,85341508444964E-4
-1,535	2,39701508444964E-4
-1,53	2,92151508444964E-4
-1,525	3,42691508444964E-4
-1,52	3,85611508444964E-4
-1,515	4,21851508444964E-4
-1,51	4,44741508444964E-4
-1,505	4,54271508444964E-4
-1,5	4,49501508444964E-4
-1,495	4,40921508444964E-4
-1,49	4,21851508444964E-4
-1,485	4,01821508444964E-4
-1,48	3,79891508444964E-4
-1,475	3,57951508444964E-4
-1,47	3,38881508444964E-4
-1,465	3,22661508444964E-4
-1,46	3,04541508444964E-4
-1,455	2,87381508444964E-4
-1,45	2,72121508444964E-4
-1,445	2,55911508444964E-4
-1,44	2,43511508444964E-4
-1,435	2,33021508444964E-4
-1,43	2,28251508444964E-4
-1,425	2,31111508444964E-4
-1,42	2,47321508444964E-4
-1,415	2,74981508444964E-4
-1,41	3,21711508444964E-4
-1,405	3,78931508444964E-4
-1,4	4,41871508444964E-4
-1,395	5,05771508444964E-4
-1,39	5,65851508444964E-4
-1,385	6,15441508444964E-4
-1,38	6,45961508444964E-4
-1,375	6,58361508444964E-4
-1,37	6,54541508444964E-4
-1,365	6,36421508444964E-4
-1,36	6,12581508444964E-4
-1,355	5,85881508444964E-4
-1,35	5,58221508444964E-4
-1,345	5,28661508444964E-4
-1,34	5,02911508444964E-4
-1,335	4,79071508444964E-4
-1,33	4,56181508444964E-4
-1,325	4,33291508444964E-4
-1,32	4,12311508444964E-4
-1,315	3,91331508444964E-4
-1,31	3,73211508444964E-4
-1,305	3,55091508444964E-4
-1,3	3,41741508444964E-4
-1,295	3,34111508444964E-4
-1,29	3,35061508444964E-4
-1,285	3,47461508444964E-4
-1,28	3,74161508444964E-4
-1,275	4,15171508444964E-4
-1,27	4,60951508444964E-4
-1,265	5,10541508444964E-4
-1,26	5,62991508444964E-4
-1,255	6,13541508444964E-4
-1,25	6,57401508444964E-4
-1,245	6,91741508444964E-4
-1,24	7,09861508444964E-4
-1,235	7,11761508444964E-4
-1,23	7,03181508444964E-4
-1,225	6,86011508444964E-4
-1,22	6,65991508444964E-4
-1,215	6,42151508444964E-4
-1,21	6,15441508444964E-4
-1,205	5,88741508444964E-4
-1,2	5,61081508444964E-4
-1,195	5,34381508444964E-4
-1,19	5,09581508444964E-4
-1,185	4,90511508444964E-4
-1,18	4,72391508444964E-4
-1,175	4,55231508444964E-4
-1,17	4,43781508444964E-4
-1,165	4,36151508444964E-4
-1,16	4,28521508444964E-4
-1,155	4,17081508444964E-4
-1,15	4,09451508444964E-4
-1,145	4,04681508444964E-4
-1,14	4,05631508444964E-4
-1,135	4,17081508444964E-4
-1,13	4,38061508444964E-4
-1,125	4,65721508444964E-4
-1,12	4,99091508444964E-4
-1,115	5,39151508444964E-4
-1,11	5,77301508444964E-4
-1,105	6,11631508444964E-4
-1,1	6,40241508444964E-4
-1,095	6,60271508444964E-4
-1,09	6,70761508444964E-4
-1,085	6,72661508444964E-4
-1,08	6,65991508444964E-4
-1,075	6,51681508444964E-4
-1,07	6,30701508444964E-4
-1,065	6,04001508444964E-4
-1,06	5,74431508444964E-4
-1,055	5,43921508444964E-4
-1,05	5,12451508444964E-4
-1,045	4,80021508444964E-4
-1,04	4,48551508444964E-4
-1,035	4,21851508444964E-4
-1,03	3,92281508444964E-4
-1,025	3,60811508444964E-4
-1,02	3,27431508444964E-4
-1,015	2,95961508444964E-4
-1,01	2,73071508444964E-4
-1,005	2,70211508444964E-4
-1	3,00731508444964E-4
-0,995	3,68441508444964E-4
-0,99	5,00051508444964E-4
-0,985	6,85061508444964E-4
-0,98	9,54001508444964E-4
-0,975	0,00130304150844496
-0,97	0,00179609150844496
-0,965	0,00236353150844496
-0,96	0,00297388150844496
-0,955	0,00354704150844496
-0,95	0,00409922150844496
-0,945	0,00460657150844496
-0,94	0,00504335150844496
-0,935	0,00537428150844496
-0,93	0,00556406150844496
-0,925	0,00565657150844496
-0,92	0,00566896150844496
-0,915	0,00564989150844496
-0,91	0,00562891150844496
-0,905	0,00561460150844496
-0,9	0,00562033150844496
-0,895	0,00565466150844496
-0,89	0,00571092150844496
-0,885	0,00578054150844496
-0,88	0,00586733150844496
-0,875	0,00596460150844496
-0,87	0,00606474150844496
-0,865	0,00616678150844496
-0,86	0,00626596150844496
-0,855	0,00635084150844496
-0,85	0,00641569150844496
-0,845	0,00646242150844496
-0,84	0,00648912150844496
-0,835	0,00650247150844496
-0,83	0,00650152150844496
-0,825	0,00649866150844496
-0,82	0,00649961150844496
-0,815	0,00651392150844496
-0,81	0,00655302150844496
-0,805	0,00661978150844496
-0,8	0,00670370150844496
-0,795	0,00679430150844496
-0,79	0,00688490150844496
-0,785	0,00695928150844496
-0,78	0,00699648150844496
-0,775	0,00698694150844496
-0,77	0,00694403150844496
-0,765	0,00688108150844496
-0,76	0,00682958150844496
-0,755	0,00679525150844496
-0,75	0,00678762150844496
-0,745	0,00681814150844496
-0,74	0,00687345150844496
-0,735	0,00693926150844496
-0,73	0,00701937150844496
-0,725	0,00710901150844496
-0,72	0,00720152150844496
-0,715	0,00728830150844496
-0,71	0,00735983150844496
-0,705	0,00740370150844496
-0,7	0,00739130150844496
-0,695	0,00732931150844496
-0,69	0,00722536150844496
-0,685	0,00712046150844496
-0,68	0,00704130150844496
-0,675	0,00698980150844496
-0,67	0,00697168150844496
-0,665	0,00700220150844496
-0,66	0,00707468150844496
-0,655	0,00714430150844496
-0,65	0,00719484150844496
-0,645	0,00720247150844496
-0,64	0,00717863150844496
-0,635	0,00715765150844496
-0,63	0,00715669150844496
-0,625	0,00719007150844496
-0,62	0,00725588150844496
-0,615	0,00733217150844496
-0,61	0,00740179150844496
-0,605	0,00745233150844496
-0,6	0,00744757150844496
-0,595	0,00739511150844496
-0,59	0,00730642150844496
-0,585	0,00720533150844496
-0,58	0,00709185150844496
-0,575	0,00698408150844496
-0,57	0,00690492150844496
-0,565	0,00687155150844496
-0,56	0,00689157150844496
-0,555	0,00695642150844496
-0,55	0,00702413150844496
-0,545	0,00710043150844496
-0,54	0,00717768150844496
-0,535	0,00724443150844496
-0,53	0,00728830150844496
-0,525	0,00731405150844496
-0,52	0,00733026150844496
-0,515	0,00734934150844496
-0,51	0,00741037150844496
-0,505	0,00749620150844496
-0,5	0,00757727150844496
-0,495	0,00765261150844496
-0,49	0,00771364150844496
-0,485	0,00774607150844496
-0,48	0,00771269150844496
-0,475	0,00762304150844496
-0,47	0,00748857150844496
-0,465	0,00736841150844496
-0,46	0,00727972150844496
-0,455	0,00721010150844496
-0,45	0,00714334150844496
-0,445	0,00707086150844496
-0,44	0,00699552150844496
-0,435	0,00693354150844496
-0,43	0,00690492150844496
-0,425	0,00691828150844496
-0,42	0,00696977150844496
-0,415	0,00703081150844496
-0,41	0,00711759150844496
-0,405	0,00723299150844496
-0,4	0,00736173150844496
-0,395	0,00748571150844496
-0,39	0,00761446150844496
-0,385	0,00774034150844496
-0,38	0,00782999150844496
-0,375	0,00785192150844496
-0,37	0,00782045150844496
-0,365	0,00776800150844496
-0,36	0,00770124150844496
-0,355	0,00760111150844496
-0,35	0,00747618150844496
-0,345	0,00733503150844496
-0,34	0,00723299150844496
-0,335	0,00718721150844496
-0,33	0,00721010150844496
-0,325	0,00723394150844496
-0,32	0,00722441150844496
-0,315	0,00719293150844496
-0,31	0,00716432150844496
-0,305	0,00714907150844496
-0,3	0,00713381150844496
-0,295	0,00708517150844496
-0,29	0,00704130150844496
-0,285	0,00703367150844496
-0,28	0,00711092150844496
-0,275	0,00724253150844496
-0,27	0,00737127150844496
-0,265	0,00746855150844496
-0,26	0,00750002150844496
-0,255	0,00751909150844496
-0,25	0,00756391150844496
-0,245	0,00758680150844496
-0,24	0,00741991150844496
-0,235	0,00715383150844496
-0,23	0,00696596150844496
-0,225	0,00689348150844496
-0,22	0,00694689150844496
-0,215	0,00705370150844496
-0,21	0,00714048150844496
-0,205	0,00720056150844496
-0,2	0,00724443150844496
-0,195	0,00730070150844496
-0,19	0,00739607150844496
-0,185	0,00755628150844496
-0,18	0,00774511150844496
-0,175	0,00791296150844496
-0,17	0,00800833150844496
-0,165	0,00796255150844497
-0,16	0,00772699150844496
-0,155	0,00739702150844496
-0,15	0,00705847150844496
-0,145	0,00680002150844496
-0,14	0,00663504150844496
-0,135	0,00656637150844496
-0,13	0,00661215150844496
-0,125	0,00671610150844496
-0,12	0,00685915150844496
-0,115	0,00699362150844496
-0,11	0,00708231150844496
-0,105	0,00703558150844496
-0,1	0,00682386150844496
-0,095	0,00662550150844496
-0,09	0,00646719150844496
-0,085	0,00630411150844496
-0,08	0,00595030150844496
-0,075	0,00539812150844496
-0,07	0,00482782150844496
-0,065	0,00437387150844496
-0,06	0,00406774150844496
-0,055	0,00389704150844496
-0,05	0,00377020150844496
-0,045	0,00372251150844496
-0,04	0,00381025150844496
-0,035	0,00407347150844496
-0,03	0,00451406150844496
-0,025	0,00515207150844496
-0,02	0,00595602150844496
-0,015	0,00679430150844496
-0,01	0,00762018150844496
-0,005	0,00862535150844496
0	0,00493273150844496
0,005	0,00123915150844496
0,01	0,00258478150844496
0,015	0,00365003150844496
0,02	0,00443682150844496
0,025	0,00486502150844496
0,03	0,00511011150844496
0,035	0,00533041150844496
0,04	0,00554594150844496
0,045	0,00575479150844496
0,05	0,00588926150844496
0,055	0,00592646150844496
0,06	0,00588831150844496
0,065	0,00580248150844496
0,07	0,00582250150844496
0,075	0,00612387150844496
0,08	0,00661596150844496
0,085	0,00707659150844496
0,09	0,00729402150844496
0,095	0,00726541150844496
0,1	0,00714811150844496
0,105	0,00700411150844496
0,11	0,00694593150844496
0,115	0,00703558150844496
0,12	0,00723394150844496
0,125	0,00743517150844496
0,13	0,00747331150844496
0,135	0,00737604150844496
0,14	0,00727304150844496
0,145	0,00723871150844496
0,15	0,00725015150844496
0,155	0,00727400150844496
0,16	0,00725683150844496
0,165	0,00721392150844496
0,17	0,00715956150844496
0,175	0,00711473150844496
0,18	0,00709185150844496
0,185	0,00707754150844496
0,19	0,00704416150844496
0,195	0,00699838150844496
0,2	0,00694593150844496
0,205	0,00692591150844496
0,21	0,00693926150844496
0,215	0,00699362150844496
0,22	0,00706323150844496
0,225	0,00711283150844496
0,23	0,00714907150844496
0,235	0,00717195150844496
0,24	0,00721296150844496
0,245	0,00726923150844496
0,25	0,00732168150844496
0,255	0,00732931150844496
0,26	0,00731691150844496
0,265	0,00730451150844496
0,27	0,00731977150844496
0,275	0,00738653150844496
0,28	0,00750669150844496
0,285	0,00764212150844496
0,29	0,00772413150844496
0,295	0,00768598150844496
0,3	0,00754675150844496
0,305	0,00736746150844496
0,31	0,00721392150844496
0,315	0,00713762150844496
0,32	0,00712427150844496
0,325	0,00712618150844496
0,33	0,00712808150844496
0,335	0,00711092150844496
0,34	0,00707754150844496
0,345	0,00704321150844496
0,35	0,00701841150844496
0,355	0,00700315150844496
0,36	0,00699648150844496
0,365	0,00699266150844496
0,37	0,00698885150844496
0,375	0,00696977150844496
0,38	0,00694307150844496
0,385	0,00692781150844496
0,39	0,00695928150844496
0,395	0,00702890150844496
0,4	0,00714620150844496
0,405	0,00729689150844496
0,41	0,00743517150844496
0,415	0,00753626150844496
0,42	0,00759062150844496
0,425	0,00757822150844496
0,43	0,00751432150844496
0,435	0,00743326150844496
0,44	0,00735220150844496
0,445	0,00729593150844496
0,45	0,00726160150844496
0,455	0,00724443150844496
0,46	0,00722631150844496
0,465	0,00718817150844496
0,47	0,00712332150844496
0,475	0,00703749150844496
0,48	0,00694593150844496
0,485	0,00686296150844496
0,49	0,00680956150844496
0,495	0,00681146150844496
0,5	0,00685533150844496
0,505	0,00693544150844496
0,51	0,00704321150844496
0,515	0,00713953150844496
0,52	0,00719580150844496
0,525	0,00720629150844496
0,53	0,00718435150844496
0,535	0,00715479150844496
0,54	0,00712141150844496
0,545	0,00709661150844496
0,55	0,00708994150844496
0,555	0,00708422150844496
0,56	0,00707086150844496
0,565	0,00704321150844496
0,57	0,00699266150844496
0,575	0,00692877150844496
0,58	0,00686773150844496
0,585	0,00683054150844496
0,59	0,00682672150844496
0,595	0,00684580150844496
0,6	0,00689634150844496
0,605	0,00696501150844496
0,61	0,00703653150844496
0,615	0,00710615150844496
0,62	0,00715669150844496
0,625	0,00718626150844496
0,63	0,00719007150844496
0,635	0,00717195150844496
0,64	0,00714239150844496
0,645	0,00709757150844496
0,65	0,00704225150844496
0,655	0,00698789150844496
0,66	0,00693258150844496
0,665	0,00688108150844496
0,67	0,00683721150844496
0,675	0,00679335150844496
0,68	0,00675806150844496
0,685	0,00673612150844496
0,69	0,00673422150844496
0,695	0,00675424150844496
0,7	0,00679239150844496
0,705	0,00683149150844496
0,71	0,00685343150844496
0,715	0,00684389150844496
0,72	0,00680002150844496
0,725	0,00673612150844496
0,73	0,00665888150844496
0,735	0,00658544150844496
0,74	0,00652536150844496
0,745	0,00649008150844496
0,75	0,00647768150844496
0,755	0,00649008150844496
0,76	0,00652155150844496
0,765	0,00654920150844496
0,77	0,00655397150844496
0,775	0,00652918150844496
0,78	0,00648912150844496
0,785	0,00642237150844496
0,79	0,00634512150844496
0,795	0,00626406150844496
0,8	0,00618395150844496
0,805	0,00611051150844496
0,81	0,00604757150844496
0,815	0,00599417150844496
0,82	0,00595507150844496
0,825	0,00593313150844496
0,83	0,00593027150844496
0,835	0,00594648150844496
0,84	0,00597795150844496
0,845	0,00600656150844496
0,85	0,00604662150844496
0,855	0,00608858150844496
0,86	0,00612005150844496
0,865	0,00609335150844496
0,87	0,00599417150844496
0,875	0,00581392150844496
0,88	0,00549158150844496
0,885	0,00501188150844496
0,89	0,00444445150844496
0,895	0,00382074150844496
0,9	0,00317510150844496
0,905	0,00254568150844496
0,91	0,00205168150844496
0,915	0,00165686150844496
0,92	0,00134691150844496
0,925	0,00111517150844496
0,93	9,54001508444964E-4
0,935	8,31931508444964E-4
0,94	7,45141508444964E-4
0,945	6,82201508444964E-4
0,95	6,39281508444964E-4
0,955	6,03051508444964E-4
0,96	5,77301508444964E-4
0,965	5,53451508444964E-4
0,97	5,34381508444964E-4
0,975	5,15311508444964E-4
0,98	5,01961508444964E-4
0,985	4,93371508444964E-4
0,99	4,84791508444964E-4
0,995	4,80971508444964E-4
1	4,80021508444964E-4
1,005	4,79071508444964E-4
1,01	4,79071508444964E-4
1,015	4,79071508444964E-4
1,02	4,76211508444964E-4
1,025	4,66671508444964E-4
1,03	4,48551508444964E-4
1,035	4,21851508444964E-4
1,04	3,86561508444964E-4
1,045	3,40781508444964E-4
1,05	2,89291508444964E-4
1,055	2,31111508444964E-4
1,06	1,76751508444964E-4
1,065	1,30021508444964E-4
1,07	8,52015084449637E-5
1,075	4,99115084449637E-5
1,08	2,22615084449636E-5
1,085	9,86150844496366E-6
1,09	6,04150844496368E-6
1,095	7,95150844496372E-6
1,1	1,65415084449637E-5
1,105	3,17915084449636E-5
1,11	5,18215084449637E-5
1,115	7,18515084449637E-5
1,12	9,56915084449637E-5
1,125	1,16671508444964E-4
1,13	1,40511508444964E-4
1,135	1,66261508444964E-4
1,14	1,92971508444964E-4
1,145	2,21581508444964E-4
1,15	2,50191508444964E-4
1,155	2,75931508444964E-4
1,16	2,97871508444964E-4
1,165	3,18851508444964E-4
1,17	3,34111508444964E-4
1,175	3,38881508444964E-4
1,18	3,31251508444964E-4
1,185	3,13131508444964E-4
1,19	2,79751508444964E-4
1,195	2,34931508444964E-4
1,2	1,78661508444964E-4
1,205	1,19531508444964E-4
1,21	6,70815084449636E-5
1,215	2,13015084449637E-5
1,22	-1,20684915550363E-5
1,225	-3,20984915550363E-5
1,23	-4,44984915550363E-5
1,235	-4,73584915550364E-5
1,24	-4,44984915550363E-5
1,245	-3,30584915550363E-5
1,25	-1,49384915550363E-5
1,255	3,18150844496364E-6
1,26	2,32115084449636E-5
1,265	4,51515084449637E-5
1,27	6,32715084449637E-5
1,275	8,32915084449636E-5
1,28	1,06181508444964E-4
1,285	1,31931508444964E-4
1,29	1,56731508444964E-4
1,295	1,80571508444964E-4
1,3	2,05361508444964E-4
1,305	2,21581508444964E-4
1,31	2,36831508444964E-4
1,315	2,36831508444964E-4
1,32	2,23481508444964E-4
1,325	1,96781508444964E-4
1,33	1,53861508444964E-4
1,335	9,95015084449636E-5
1,34	3,75215084449636E-5
1,345	-1,87484915550363E-5
1,35	-6,64284915550364E-5
1,355	-1,01718491555036E-4
1,36	-1,29378491555036E-4
1,365	-1,43678491555036E-4
1,37	-1,51308491555036E-4
1,375	-1,48448491555036E-4
1,38	-1,37008491555036E-4
1,385	-1,20788491555036E-4
1,39	-1,02668491555036E-4
1,395	-8,74184915550364E-5
1,4	-7,02484915550362E-5
1,405	-5,30784915550363E-5
1,41	-3,49584915550363E-5
1,415	-1,49384915550363E-5
1,42	7,95150844496372E-6
1,425	2,98915084449636E-5
1,43	4,99115084449637E-5
1,435	6,89915084449637E-5
1,44	8,32915084449636E-5
1,445	8,52015084449637E-5
1,45	7,37615084449636E-5
1,455	4,80115084449637E-5
1,46	8,91150844496366E-6
1,465	-4,44984915550363E-5
1,47	-1,06488491555036E-4
1,475	-1,66568491555036E-4
1,48	-2,18068491555036E-4
1,485	-2,57168491555036E-4
1,49	-2,83868491555036E-4
1,495	-2,92458491555036E-4
1,5	-2,95318491555036E-4
1,505	-2,86728491555036E-4
1,51	-2,74338491555036E-4
1,515	-2,59078491555036E-4
1,52	-2,44768491555036E-4
1,525	-2,33328491555036E-4
1,53	-2,19018491555036E-4
1,535	-2,07578491555036E-4
1,54	-1,97088491555036E-4
1,545	-1,86598491555036E-4
1,55	-1,76108491555036E-4
1,555	-1,65618491555036E-4
1,56	-1,56078491555036E-4
1,565	-1,47498491555036E-4
1,57	-1,38908491555036E-4
1,575	-1,32238491555036E-4
1,58	-1,26518491555036E-4
1,585	-1,23648491555036E-4
1,59	-1,19838491555036E-4
1,595	-1,16978491555036E-4
1,6	-1,14118491555036E-4
1,605	-1,11258491555036E-4
1,61	-1,10298491555036E-4
1,615	-1,08398491555036E-4
1,62	-1,06488491555036E-4
1,625	-1,03628491555036E-4
1,63	-1,00768491555036E-4
1,635	-1,00768491555036E-4
1,64	-1,00768491555036E-4
1,645	-1,01718491555036E-4
1,65	-1,03628491555036E-4
1,655	-1,04578491555036E-4
1,66	-1,04578491555036E-4
1,665	-1,03628491555036E-4
1,67	-1,01718491555036E-4
1,675	-1,02668491555036E-4
1,68	-1,02668491555036E-4
1,685	-1,02668491555036E-4
1,69	-1,03628491555036E-4
1,695	-1,04578491555036E-4
1,7	-1,04578491555036E-4
1,705	-1,04578491555036E-4
1,71	-1,04578491555036E-4
1,715	-1,04578491555036E-4
1,72	-1,03628491555036E-4
1,725	-1,03628491555036E-4
1,73	-1,03628491555036E-4
1,735	-1,04578491555036E-4
1,74	-1,04578491555036E-4
1,745	-1,05538491555036E-4
1,75	-1,03628491555036E-4
1,755	-1,04578491555036E-4
1,76	-1,04578491555036E-4
1,765	-1,04578491555036E-4
1,77	-1,04578491555036E-4
1,775	-1,00768491555036E-4
1,78	-1,00768491555036E-4
1,785	-9,79084915550363E-5
1,79	-9,59984915550364E-5
1,795	-9,50384915550362E-5
1,8	-9,40884915550362E-5
1,805	-9,31384915550362E-5
1,81	-9,40884915550362E-5
1,815	-9,40884915550362E-5
1,82	-9,40884915550362E-5
1,825	-9,50384915550362E-5
1,83	-9,69484915550364E-5
1,835	-9,79084915550363E-5
1,84	-9,98084915550363E-5
1,845	-1,00768491555036E-4
1,85	-1,02668491555036E-4
1,855	-1,02668491555036E-4
1,86	-1,02668491555036E-4
1,865	-1,01718491555036E-4
1,87	-1,02668491555036E-4
1,875	-1,01718491555036E-4
1,88	-9,88584915550363E-5
1,885	-9,69484915550364E-5
1,89	-9,59984915550364E-5
1,895	-9,40884915550362E-5
1,9	-9,31384915550362E-5
1,905	-9,02784915550363E-5
1,91	-9,12284915550363E-5
1,915	-9,12284915550363E-5
1,92	-8,74184915550364E-5
1,925	-8,74184915550364E-5
1,93	-8,55084915550362E-5
1,935	-8,45484915550363E-5
1,94	-8,64584915550362E-5
1,945	-8,74184915550364E-5
1,95	-8,74184915550364E-5
1,955	-8,83684915550364E-5
1,96	-8,74184915550364E-5
1,965	-8,64584915550362E-5
1,97	-8,45484915550363E-5
1,975	-8,45484915550363E-5
1,98	-8,45484915550363E-5
1,985	-8,45484915550363E-5
1,99	-8,55084915550362E-5
1,995	-8,64584915550362E-5
2	-8,64584915550362E-5
2,005	-8,64584915550362E-5
2,01	-8,83684915550364E-5
2,015	-9,02784915550363E-5
2,02	-9,21784915550363E-5
2,025	-9,21784915550363E-5
2,03	-9,21784915550363E-5
2,035	-9,21784915550363E-5
2,04	-9,12284915550363E-5
2,045	-9,02784915550363E-5
2,05	-9,21784915550363E-5
2,055	-9,59984915550364E-5
2,06	-1,01718491555036E-4
2,065	-1,07438491555036E-4
2,07	-1,12208491555036E-4
2,075	-1,14118491555036E-4
2,08	-1,15068491555036E-4
2,085	-1,17928491555036E-4
2,09	-1,19838491555036E-4
2,095	-1,21748491555036E-4
2,1	-1,21748491555036E-4
2,105	-1,19838491555036E-4
2,11	-1,19838491555036E-4
2,115	-1,17928491555036E-4
2,12	-1,16978491555036E-4
2,125	-1,15068491555036E-4
2,13	-1,14118491555036E-4
2,135	-1,14118491555036E-4
2,14	-1,13158491555036E-4
2,145	-1,12208491555036E-4
2,15	-1,11258491555036E-4
2,155	-1,12208491555036E-4
2,16	-1,11258491555036E-4
2,165	-1,09348491555036E-4
2,17	-1,09348491555036E-4
2,175	-1,06488491555036E-4
2,18	-1,06488491555036E-4
2,185	-1,05538491555036E-4
2,19	-1,04578491555036E-4
2,195	-1,03628491555036E-4
2,2	-1,03628491555036E-4
2,205	-1,04578491555036E-4
2,21	-1,05538491555036E-4
2,215	-1,06488491555036E-4
2,22	-1,07438491555036E-4
2,225	-1,09348491555036E-4
2,23	-1,09348491555036E-4
2,235	-1,12208491555036E-4
2,24	-1,13158491555036E-4
2,245	-1,14118491555036E-4
2,25	-1,15068491555036E-4
2,255	-1,15068491555036E-4
2,26	-1,13158491555036E-4
2,265	-1,09348491555036E-4
2,27	-1,05538491555036E-4
2,275	-9,98084915550363E-5
2,28	-9,50384915550362E-5
2,285	-9,40884915550362E-5
2,29	-9,31384915550362E-5
2,295	-9,31384915550362E-5
2,3	-9,31384915550362E-5
2,305	-9,21784915550363E-5
2,31	-9,02784915550363E-5
2,315	-8,83684915550364E-5
2,32	-8,74184915550364E-5
2,325	-8,55084915550362E-5
2,33	-8,45484915550363E-5
2,335	-8,35984915550363E-5
2,34	-8,35984915550363E-5
2,345	-8,45484915550363E-5
2,35	-8,55084915550362E-5
2,355	-8,74184915550364E-5
2,36	-8,93184915550364E-5
2,365	-9,02784915550363E-5
2,37	-9,02784915550363E-5
2,375	-9,21784915550363E-5
2,38	-9,40884915550362E-5
2,385	-9,50384915550362E-5
2,39	-9,69484915550364E-5
2,395	-1,01718491555036E-4
2,4	-1,07438491555036E-4
2,405	-1,16028491555036E-4
2,41	-1,26518491555036E-4
2,415	-1,37958491555036E-4
2,42	-1,48448491555036E-4
2,425	-1,57988491555036E-4
2,43	-1,61798491555036E-4
2,435	-1,65618491555036E-4
2,44	-1,65618491555036E-4
2,445	-1,64658491555036E-4
2,45	-1,64658491555036E-4
2,455	-1,61798491555036E-4
2,46	-1,59888491555036E-4
2,465	-1,57988491555036E-4
2,47	-1,55128491555036E-4
2,475	-1,49398491555036E-4
2,48	-1,46538491555036E-4
2,485	-1,40818491555036E-4
2,49	-1,37008491555036E-4
2,495	-1,34148491555036E-4
2,5	-1,30328491555036E-4
2,505	-1,26518491555036E-4
2,51	-1,21748491555036E-4
2,515	-1,18888491555036E-4
2,52	-1,13158491555036E-4
2,525	-1,08398491555036E-4
2,53	-1,02668491555036E-4
2,535	-9,59984915550364E-5
2,54	-8,93184915550364E-5
2,545	-8,16884915550364E-5
2,55	-7,31084915550364E-5
2,555	-6,45284915550364E-5
2,56	-5,68984915550364E-5
2,565	-4,92684915550364E-5
2,57	-3,78184915550364E-5
2,575	-2,82884915550364E-5
2,58	-1,39784915550364E-5
2,585	-6,2849155503628E-7
2,59	1,17715084449637E-5
2,595	2,51215084449637E-5
2,6	3,75215084449636E-5
2,605	5,08715084449636E-5
2,61	6,04015084449636E-5
2,615	6,61315084449636E-5
2,62	7,18515084449637E-5
2,625	7,94815084449637E-5
2,63	8,42515084449637E-5
2,635	8,90115084449637E-5
2,64	9,28315084449637E-5
2,645	9,66415084449637E-5
2,65	9,85515084449636E-5
2,655	1,00461508444964E-4
2,66	1,00461508444964E-4
2,665	1,00461508444964E-4
2,67	9,95015084449636E-5
2,675	9,95015084449636E-5
2,68	9,76015084449637E-5
2,685	9,56915084449637E-5
2,69	9,37815084449637E-5
2,695	8,99715084449636E-5
2,7	8,52015084449637E-5
2,705	8,13915084449636E-5
2,71	7,75715084449637E-5
2,715	7,08915084449637E-5
2,72	6,80315084449636E-5
2,725	6,13615084449637E-5
2,73	5,75415084449637E-5
2,735	5,27715084449637E-5
2,74	4,99115084449637E-5
2,745	4,70515084449636E-5
2,75	4,41915084449637E-5
2,755	4,22815084449637E-5
2,76	4,13315084449637E-5
2,765	3,94215084449636E-5
2,77	3,94215084449636E-5
2,775	3,84715084449636E-5
2,78	3,75215084449636E-5
2,785	3,65615084449637E-5
2,79	3,56115084449637E-5
2,795	3,46615084449637E-5
2,8	3,37015084449637E-5
2,805	3,37015084449637E-5
2,81	3,27515084449637E-5
2,815	3,08415084449636E-5
2,82	2,89315084449637E-5
2,825	2,70315084449637E-5
2,83	2,60715084449637E-5
2,835	2,32115084449636E-5
2,84	2,03515084449637E-5
2,845	1,84415084449637E-5
2,85	1,65415084449637E-5
2,855	1,46315084449636E-5
2,86	1,36715084449637E-5
2,865	1,36715084449637E-5
2,87	9,86150844496366E-6
2,875	7,95150844496372E-6
2,88	7,00150844496362E-6
2,885	5,09150844496369E-6
2,89	3,18150844496364E-6
2,895	3,21508444963716E-7
2,9	-1,57849155503638E-6
2,905	-5,39849155503636E-6
2,91	-8,25849155503629E-6
2,915	-1,20684915550363E-5
2,92	-1,58884915550363E-5
2,925	-1,68384915550363E-5
2,93	-2,06584915550364E-5
2,935	-2,25684915550363E-5
2,94	-2,54284915550363E-5
2,945	-2,73284915550363E-5
2,95	-3,01884915550364E-5
2,955	-2,92384915550364E-5
2,96	-3,01884915550364E-5
2,965	-3,01884915550364E-5
2,97	-2,92384915550364E-5
2,975	-3,01884915550364E-5
2,98	-3,11484915550363E-5
2,985	-3,20984915550363E-5
2,99	-3,40084915550363E-5
2,995	-3,49584915550363E-5
3	-3,59184915550364E-5
3,005	-3,87784915550363E-5
3,01	-4,06884915550364E-5
3,015	-4,06884915550364E-5
3,02	-4,16384915550364E-5
3,025	-4,25884915550363E-5
3,03	-4,44984915550363E-5
3,035	-4,44984915550363E-5
3,04	-4,35484915550363E-5
3,045	-4,25884915550363E-5
3,05	-4,06884915550364E-5
3,055	-3,97284915550363E-5
3,06	-3,97284915550363E-5
3,065	-3,87784915550363E-5
3,07	-3,97284915550363E-5
3,075	-4,16384915550364E-5
3,08	-4,35484915550363E-5
3,085	-4,35484915550363E-5
3,09	-4,25884915550363E-5
3,095	-4,06884915550364E-5
3,1	-3,87784915550363E-5
3,105	-4,06884915550364E-5
3,11	-4,25884915550363E-5
3,115	-4,73584915550364E-5
3,12	-5,11784915550363E-5
3,125	-5,59384915550364E-5
3,13	-6,16684915550362E-5
3,135	-6,92984915550362E-5
3,14	-7,59684915550363E-5
3,145	-8,35984915550363E-5
3,15	-8,93184915550364E-5
3,155	-9,40884915550362E-5
3,16	-9,79084915550363E-5
3,165	-1,01718491555036E-4
3,17	-1,02668491555036E-4
3,175	-1,03628491555036E-4
3,18	-1,07438491555036E-4
3,185	-1,12208491555036E-4
3,19	-1,15068491555036E-4
3,195	-1,16978491555036E-4
3,2	-1,18888491555036E-4
3,205	-1,20788491555036E-4
3,21	-1,23648491555036E-4
3,215	-1,25558491555036E-4
3,22	-1,29378491555036E-4
3,225	-1,32238491555036E-4
3,23	-1,35098491555036E-4
3,235	-1,39868491555036E-4
3,24	-1,48448491555036E-4
3,245	-1,55128491555036E-4
3,25	-1,61798491555036E-4
3,255	-1,68478491555036E-4
3,26	-1,78008491555036E-4
3,265	-1,85638491555036E-4
3,27	-1,92318491555036E-4
3,275	-1,98998491555036E-4
3,28	-2,04718491555036E-4
3,285	-2,08528491555036E-4
3,29	-2,12348491555036E-4
3,295	-2,15208491555036E-4
3,3	-2,19978491555036E-4
3,305	-2,22838491555036E-4
3,31	-2,23788491555036E-4
3,315	-2,27608491555036E-4
3,32	-2,32368491555036E-4
3,325	-2,37138491555036E-4
3,33	-2,43818491555036E-4
3,335	-2,48588491555036E-4
3,34	-2,56218491555036E-4
3,345	-2,63838491555036E-4
3,35	-2,71468491555036E-4
3,355	-2,81008491555036E-4
3,36	-2,90548491555036E-4
3,365	-2,99128491555036E-4
3,37	-3,09618491555036E-4
3,375	-3,14388491555036E-4
3,38	-3,17248491555036E-4
3,385	-3,17248491555036E-4
3,39	-3,20108491555036E-4
3,395	-3,21068491555036E-4
3,4	-3,22018491555036E-4
3,405	-3,20108491555036E-4
3,41	-3,20108491555036E-4
3,415	-3,18198491555036E-4
3,42	-3,16298491555036E-4
3,425	-3,16298491555036E-4
3,43	-3,16298491555036E-4
3,435	-3,14388491555036E-4
3,44	-3,15338491555036E-4
3,445	-3,15338491555036E-4
3,45	-3,16298491555036E-4
3,455	-3,15338491555036E-4
3,46	-3,14388491555036E-4
3,465	-3,12478491555036E-4
3,47	-3,11528491555036E-4
3,475	-3,12478491555036E-4
3,48	-3,11528491555036E-4
3,485	-3,09618491555036E-4
3,49	-3,07708491555036E-4
3,495	-3,04848491555036E-4
3,5	-3,01038491555036E-4
3,505	-2,97218491555036E-4
3,51	-2,94358491555036E-4
3,515	-2,90548491555036E-4
3,52	-2,85778491555036E-4
3,525	-2,81008491555036E-4
3,53	-2,79098491555036E-4
3,535	-2,74338491555036E-4
3,54	-2,70518491555036E-4
3,545	-2,66708491555036E-4
3,55	-2,64798491555036E-4
3,555	-2,63838491555036E-4
3,56	-2,60028491555036E-4
3,565	-2,57168491555036E-4
3,57	-2,54308491555036E-4
3,575	-2,52398491555036E-4
3,58	-2,48588491555036E-4
3,585	-2,45728491555036E-4
3,59	-2,42858491555036E-4
3,595	-2,39048491555036E-4
3,6	-2,36188491555036E-4
3,605	-2,31418491555036E-4
3,61	-2,27608491555036E-4
3,615	-2,26648491555036E-4
3,62	-2,22838491555036E-4
3,625	-2,21878491555036E-4
3,63	-2,19978491555036E-4
3,635	-2,18068491555036E-4
3,64	-2,17108491555036E-4
3,645	-2,15208491555036E-4
3,65	-2,14248491555036E-4
3,655	-2,13298491555036E-4
3,66	-2,10438491555036E-4
3,665	-2,09488491555036E-4
3,67	-2,07578491555036E-4
3,675	-2,07578491555036E-4
3,68	-2,06618491555036E-4
3,685	-2,05668491555036E-4
3,69	-2,06618491555036E-4
3,695	-2,06618491555036E-4
3,7	-2,08528491555036E-4
3,705	-2,09488491555036E-4
3,71	-2,07578491555036E-4
3,715	-2,06618491555036E-4
3,72	-2,06618491555036E-4
3,725	-2,04718491555036E-4
3,73	-2,03758491555036E-4
3,735	-2,02808491555036E-4
3,74	-2,01858491555036E-4
3,745	-1,98998491555036E-4
3,75	-1,97088491555036E-4
3,755	-1,94228491555036E-4
3,76	-1,92318491555036E-4
3,765	-1,92318491555036E-4
3,77	-1,91368491555036E-4
3,775	-1,89458491555036E-4
3,78	-1,87548491555036E-4
3,785	-1,87548491555036E-4
3,79	-1,85638491555036E-4
3,795	-1,86598491555036E-4
3,8	-1,85638491555036E-4
3,805	-1,84688491555036E-4
3,81	-1,83738491555036E-4
3,815	-1,81828491555036E-4
3,82	-1,81828491555036E-4
3,825	-1,80878491555036E-4
3,83	-1,80878491555036E-4
3,835	-1,79918491555036E-4
3,84	-1,78008491555036E-4
3,845	-1,74198491555036E-4
3,85	-1,70378491555036E-4
3,855	-1,65618491555036E-4
3,86	-1,60848491555036E-4
3,865	-1,57028491555036E-4
3,87	-1,55128491555036E-4
3,875	-1,53218491555036E-4
3,88	-1,49398491555036E-4
3,885	-1,47498491555036E-4
3,89	-1,45588491555036E-4
3,895	-1,44638491555036E-4
3,9	-1,42728491555036E-4
3,905	-1,42728491555036E-4
3,91	-1,44638491555036E-4
3,915	-1,44638491555036E-4
3,92	-1,44638491555036E-4
3,925	-1,43678491555036E-4
3,93	-1,43678491555036E-4
3,935	-1,42728491555036E-4
3,94	-1,40818491555036E-4
3,945	-1,38908491555036E-4
3,95	-1,37008491555036E-4
3,955	-1,35098491555036E-4
3,96	-1,35098491555036E-4
3,965	-1,34148491555036E-4
3,97	-1,32238491555036E-4
3,975	-1,32238491555036E-4
3,98	-1,33188491555036E-4
3,985	-1,33188491555036E-4
3,99	-1,33188491555036E-4
3,995	-1,33188491555036E-4
4	-1,33188491555036E-4
4,005	-1,35098491555036E-4
4,01	-1,37008491555036E-4
4,015	-1,39868491555036E-4
4,02	-1,42728491555036E-4
4,025	-1,45588491555036E-4
4,03	-1,47498491555036E-4
4,035	-1,50358491555036E-4
4,04	-1,52268491555036E-4
4,045	-1,53218491555036E-4
4,05	-1,54168491555036E-4
4,055	-1,56078491555036E-4
4,06	-1,57988491555036E-4
4,065	-1,58938491555036E-4
4,07	-1,60848491555036E-4
4,075	-1,63708491555036E-4
4,08	-1,67518491555036E-4
4,085	-1,69428491555036E-4
4,09	-1,73248491555036E-4
4,095	-1,75148491555036E-4
4,1	-1,73248491555036E-4
4,105	-1,73248491555036E-4
4,11	-1,72288491555036E-4
4,115	-1,71338491555036E-4
4,12	-1,71338491555036E-4
4,125	-1,69428491555036E-4
4,13	-1,67518491555036E-4
4,135	-1,67518491555036E-4
4,14	-1,64658491555036E-4
4,145	-1,61798491555036E-4
4,15	-1,58938491555036E-4
4,155	-1,57028491555036E-4
4,16	-1,56078491555036E-4
4,165	-1,55128491555036E-4
4,17	-1,54168491555036E-4
4,175	-1,52268491555036E-4
4,18	-1,51308491555036E-4
4,185	-1,50358491555036E-4
4,19	-1,48448491555036E-4
4,195	-1,47498491555036E-4
4,2	-1,46538491555036E-4
4,205	-1,45588491555036E-4
4,21	-1,44638491555036E-4
4,215	-1,45588491555036E-4
4,22	-1,45588491555036E-4
4,225	-1,43678491555036E-4
4,23	-1,42728491555036E-4
4,235	-1,40818491555036E-4
4,24	-1,39868491555036E-4
4,245	-1,37958491555036E-4
4,25	-1,36048491555036E-4
4,255	-1,35098491555036E-4
4,26	-1,34148491555036E-4
4,265	-1,33188491555036E-4
4,27	-1,34148491555036E-4
4,275	-1,32238491555036E-4
4,28	-1,32238491555036E-4
4,285	-1,30328491555036E-4
4,29	-1,28418491555036E-4
4,295	-1,26518491555036E-4
4,3	-1,26518491555036E-4
4,305	-1,24608491555036E-4
4,31	-1,24608491555036E-4
4,315	-1,23648491555036E-4
4,32	-1,23648491555036E-4
4,325	-1,23648491555036E-4
4,33	-1,22698491555036E-4
4,335	-1,22698491555036E-4
4,34	-1,22698491555036E-4
4,345	-1,23648491555036E-4
4,35	-1,23648491555036E-4
4,355	-1,23648491555036E-4
4,36	-1,23648491555036E-4
4,365	-1,24608491555036E-4
4,37	-1,24608491555036E-4
4,375	-1,24608491555036E-4
4,38	-1,24608491555036E-4
4,385	-1,26518491555036E-4
4,39	-1,26518491555036E-4
4,395	-1,26518491555036E-4
4,4	-1,26518491555036E-4
4,405	-1,26518491555036E-4
4,41	-1,24608491555036E-4
4,415	-1,23648491555036E-4
4,42	-1,24608491555036E-4
4,425	-1,24608491555036E-4
4,43	-1,23648491555036E-4
4,435	-1,24608491555036E-4
4,44	-1,24608491555036E-4
4,445	-1,22698491555036E-4
4,45	-1,19838491555036E-4
4,455	-1,17928491555036E-4
4,46	-1,15068491555036E-4
4,465	-1,13158491555036E-4
4,47	-1,13158491555036E-4
4,475	-1,12208491555036E-4
4,48	-1,11258491555036E-4
4,485	-1,11258491555036E-4
4,49	-1,11258491555036E-4
4,495	-1,12208491555036E-4
4,5	-1,12208491555036E-4
4,505	-1,13158491555036E-4
4,51	-1,14118491555036E-4
4,515	-1,14118491555036E-4
4,52	-1,15068491555036E-4
4,525	-1,15068491555036E-4
4,53	-1,14118491555036E-4
4,535	-1,13158491555036E-4
4,54	-1,11258491555036E-4
4,545	-1,11258491555036E-4
4,55	-1,12208491555036E-4
4,555	-1,14118491555036E-4
4,56	-1,14118491555036E-4
4,565	-1,14118491555036E-4
4,57	-1,13158491555036E-4
4,575	-1,11258491555036E-4
4,58	-1,12208491555036E-4
4,585	-1,11258491555036E-4
4,59	-1,09348491555036E-4
4,595	-1,10298491555036E-4
4,6	-1,11258491555036E-4
4,605	-1,12208491555036E-4
4,61	-1,15068491555036E-4
4,615	-1,16028491555036E-4
4,62	-1,16028491555036E-4
4,625	-1,16028491555036E-4
4,63	-1,16978491555036E-4
4,635	-1,16978491555036E-4
4,64	-1,17928491555036E-4
4,645	-1,18888491555036E-4
4,65	-1,17928491555036E-4
4,655	-1,18888491555036E-4
4,66	-1,18888491555036E-4
4,665	-1,18888491555036E-4
4,67	-1,18888491555036E-4
4,675	-1,18888491555036E-4
4,68	-1,16978491555036E-4
4,685	-1,16028491555036E-4
4,69	-1,16028491555036E-4
4,695	-1,16028491555036E-4
4,7	-1,16028491555036E-4
4,705	-1,14118491555036E-4
4,71	-1,13158491555036E-4
4,715	-1,11258491555036E-4
4,72	-1,11258491555036E-4
4,725	-1,09348491555036E-4
4,73	-1,08398491555036E-4
4,735	-1,06488491555036E-4
4,74	-1,05538491555036E-4
4,745	-1,05538491555036E-4
4,75	-1,04578491555036E-4
4,755	-1,02668491555036E-4
4,76	-9,98084915550363E-5
4,765	-1,00768491555036E-4
4,77	-9,88584915550363E-5
4,775	-9,88584915550363E-5
4,78	-9,69484915550364E-5
4,785	-9,50384915550362E-5
4,79	-9,40884915550362E-5
4,795	-9,59984915550364E-5
4,8	-9,59984915550364E-5
4,805	-9,69484915550364E-5
4,81	-9,79084915550363E-5
4,815	-9,79084915550363E-5
4,82	-9,79084915550363E-5
4,825	-9,79084915550363E-5
4,83	-9,79084915550363E-5
4,835	-9,59984915550364E-5
4,84	-9,59984915550364E-5
4,845	-9,40884915550362E-5
4,85	-9,21784915550363E-5
4,855	-9,21784915550363E-5
4,86	-8,93184915550364E-5
4,865	-9,02784915550363E-5
4,87	-9,02784915550363E-5
4,875	-9,02784915550363E-5
4,88	-8,83684915550364E-5
4,885	-8,74184915550364E-5
4,89	-8,55084915550362E-5
4,895	-8,55084915550362E-5
4,9	-8,26484915550363E-5
4,905	-8,26484915550363E-5
4,91	-8,07384915550364E-5
4,915	-7,88284915550362E-5
4,92	-7,78784915550362E-5
4,925	-7,78784915550362E-5
4,93	-7,69184915550363E-5
4,935	-7,69184915550363E-5
4,94	-7,69184915550363E-5
4,945	-7,50184915550363E-5
4,95	-7,31084915550364E-5
4,955	-7,11984915550362E-5
4,96	-7,02484915550362E-5
4,965	-6,83384915550363E-5
4,97	-6,73884915550363E-5
4,975	-6,73884915550363E-5
4,98	-6,64284915550364E-5
4,985	-6,54784915550364E-5
4,99	-6,45284915550364E-5
4,995	-6,45284915550364E-5
5	-6,45284915550364E-5
5,005	-6,35684915550364E-5
5,01	-6,45284915550364E-5
5,015	-6,54784915550364E-5
5,02	-6,54784915550364E-5
5,025	-6,54784915550364E-5
5,03	-6,54784915550364E-5
5,035	-6,54784915550364E-5
5,04	-6,45284915550364E-5
5,045	-6,45284915550364E-5
5,05	-6,35684915550364E-5
5,055	-6,35684915550364E-5
5,06	-6,35684915550364E-5
5,065	-6,54784915550364E-5
5,07	-6,64284915550364E-5
5,075	-6,83384915550363E-5
5,08	-6,83384915550363E-5
5,085	-6,83384915550363E-5
5,09	-7,02484915550362E-5
5,095	-7,11984915550362E-5
5,1	-7,21584915550364E-5
5,105	-7,11984915550362E-5
5,11	-7,11984915550362E-5
5,115	-7,21584915550364E-5
5,12	-7,11984915550362E-5
5,125	-7,11984915550362E-5
5,13	-7,21584915550364E-5
5,135	-7,11984915550362E-5
5,14	-7,02484915550362E-5
5,145	-7,11984915550362E-5
5,15	-7,11984915550362E-5
5,155	-7,31084915550364E-5
5,16	-7,21584915550364E-5
5,165	-7,31084915550364E-5
5,17	-7,40584915550364E-5
5,175	-7,69184915550363E-5
5,18	-7,88284915550362E-5
5,185	-8,07384915550364E-5
5,19	-8,16884915550364E-5
5,195	-8,45484915550363E-5
5,2	-8,55084915550362E-5
5,205	-8,64584915550362E-5
5,21	-8,74184915550364E-5
5,215	-8,93184915550364E-5
5,22	-9,12284915550363E-5
5,225	-9,21784915550363E-5
5,23	-9,40884915550362E-5
5,235	-9,69484915550364E-5
5,24	-9,88584915550363E-5
5,245	-9,98084915550363E-5
5,25	-1,00768491555036E-4
5,255	-1,01718491555036E-4
5,26	-1,03628491555036E-4
5,265	-1,05538491555036E-4
5,27	-1,08398491555036E-4
5,275	-1,09348491555036E-4
5,28	-1,11258491555036E-4
5,285	-1,12208491555036E-4
5,29	-1,13158491555036E-4
5,295	-1,16028491555036E-4
5,3	-1,16028491555036E-4
5,305	-1,17928491555036E-4
5,31	-1,18888491555036E-4
5,315	-1,19838491555036E-4
5,32	-1,18888491555036E-4
5,325	-1,17928491555036E-4
5,33	-1,17928491555036E-4
5,335	-1,17928491555036E-4
5,34	-1,16028491555036E-4
5,345	-1,16028491555036E-4
5,35	-1,16978491555036E-4
5,355	-1,16028491555036E-4
5,36	-1,17928491555036E-4
5,365	-1,18888491555036E-4
5,37	-1,18888491555036E-4
5,375	-1,19838491555036E-4
5,38	-1,19838491555036E-4
5,385	-1,18888491555036E-4
5,39	-1,19838491555036E-4
5,395	-1,19838491555036E-4
5,4	-1,19838491555036E-4
5,405	-1,20788491555036E-4
5,41	-1,20788491555036E-4
5,415	-1,20788491555036E-4
5,42	-1,19838491555036E-4
5,425	-1,18888491555036E-4
5,43	-1,17928491555036E-4
5,435	-1,17928491555036E-4
5,44	-1,16978491555036E-4
5,445	-1,16978491555036E-4
5,45	-1,16978491555036E-4
5,455	-1,16978491555036E-4
5,46	-1,15068491555036E-4
5,465	-1,15068491555036E-4
5,47	-1,16028491555036E-4
5,475	-1,16028491555036E-4
5,48	-1,16978491555036E-4
5,485	-1,18888491555036E-4
5,49	-1,19838491555036E-4
5,495	-1,20788491555036E-4
5,5	-1,20788491555036E-4
5,505	-1,21748491555036E-4
5,51	-1,22698491555036E-4
5,515	-1,23648491555036E-4
5,52	-1,23648491555036E-4
5,525	-1,25558491555036E-4
5,53	-1,27468491555036E-4
5,535	-1,27468491555036E-4
5,54	-1,27468491555036E-4
5,545	-1,28418491555036E-4
5,55	-1,29378491555036E-4
5,555	-1,30328491555036E-4
5,56	-1,32238491555036E-4
5,565	-1,33188491555036E-4
5,57	-1,34148491555036E-4
5,575	-1,35098491555036E-4
5,58	-1,34148491555036E-4
5,585	-1,33188491555036E-4
5,59	-1,32238491555036E-4
5,595	-1,32238491555036E-4
5,6	-1,31278491555036E-4
5,605	-1,30328491555036E-4
5,61	-1,31278491555036E-4
5,615	-1,32238491555036E-4
5,62	-1,31278491555036E-4
5,625	-1,29378491555036E-4
5,63	-1,28418491555036E-4
5,635	-1,27468491555036E-4
5,64	-1,25558491555036E-4
5,645	-1,24608491555036E-4
5,65	-1,23648491555036E-4
5,655	-1,23648491555036E-4
5,66	-1,23648491555036E-4
5,665	-1,23648491555036E-4
5,67	-1,25558491555036E-4
5,675	-1,27468491555036E-4
5,68	-1,29378491555036E-4
5,685	-1,31278491555036E-4
5,69	-1,33188491555036E-4
5,695	-1,35098491555036E-4
5,7	-1,37008491555036E-4
5,705	-1,37958491555036E-4
5,71	-1,39868491555036E-4
5,715	-1,43678491555036E-4
5,72	-1,46538491555036E-4
5,725	-1,48448491555036E-4
5,73	-1,50358491555036E-4
5,735	-1,53218491555036E-4
5,74	-1,54168491555036E-4
5,745	-1,54168491555036E-4
5,75	-1,55128491555036E-4
5,755	-1,55128491555036E-4
5,76	-1,56078491555036E-4
5,765	-1,55128491555036E-4
5,77	-1,56078491555036E-4
5,775	-1,56078491555036E-4
5,78	-1,54168491555036E-4
5,785	-1,52268491555036E-4
5,79	-1,49398491555036E-4
5,795	-1,48448491555036E-4
5,8	-1,48448491555036E-4
5,805	-1,52268491555036E-4
5,81	-1,57988491555036E-4
5,815	-1,63708491555036E-4
5,82	-1,69428491555036E-4
5,825	-1,68478491555036E-4
5,83	-1,57028491555036E-4
5,835	-1,31278491555036E-4
5,84	-7,97884915550364E-5
5,845	1,08115084449637E-5
5,85	1,59591508444964E-4
5,855	3,85611508444964E-4
5,86	6,16401508444964E-4
5,865	7,44191508444964E-4
5,87	8,01411508444964E-4
5,875	8,22391508444964E-4
5,88	8,28111508444964E-4
5,885	8,30021508444964E-4
5,89	8,30971508444964E-4
5,895	8,30971508444964E-4
5,9	8,31931508444964E-4
5,905	8,31931508444964E-4
5,91	8,32881508444964E-4
5,915	8,32881508444964E-4
5,92	8,34791508444964E-4
5,925	8,35741508444964E-4
5,93	8,36701508444964E-4
5,935	8,37651508444964E-4
5,94	8,37651508444964E-4
5,945	8,37651508444964E-4
5,95	8,36701508444964E-4
5,955	8,38601508444964E-4
5,96	8,38601508444964E-4
5,965	8,37651508444964E-4
5,97	8,37651508444964E-4
5,975	8,37651508444964E-4
5,98	8,38601508444964E-4
5,985	8,38601508444964E-4
5,99	8,38601508444964E-4
5,995	8,39561508444964E-4
6	8,40511508444964E-4
6,005	8,40511508444964E-4
6,01	8,40511508444964E-4
6,015	8,41461508444964E-4
6,02	8,42421508444964E-4
6,025	8,43371508444964E-4
6,03	8,44321508444964E-4
6,035	8,45281508444964E-4
6,04	8,46231508444964E-4
6,045	8,48141508444964E-4
6,05	8,49091508444964E-4
6,055	8,50051508444964E-4
6,06	8,51951508444964E-4
6,065	8,52911508444964E-4
6,07	8,54821508444964E-4
6,075	8,54821508444964E-4
6,08	8,54821508444964E-4
6,085	8,55771508444964E-4
6,09	8,56721508444964E-4
6,095	8,56721508444964E-4
6,1	8,58631508444964E-4
6,105	8,59581508444964E-4
6,11	8,62441508444964E-4
6,115	8,64351508444964E-4
6,12	8,66261508444964E-4
6,125	8,67211508444964E-4
6,13	8,69121508444964E-4
6,135	8,69121508444964E-4
6,14	8,70071508444964E-4
6,145	8,71031508444964E-4
6,15	8,71031508444964E-4
6,155	8,71981508444964E-4
6,16	8,72931508444964E-4
6,165	8,72931508444964E-4
6,17	8,73891508444964E-4
6,175	8,73891508444964E-4
6,18	8,74841508444964E-4
6,185	8,74841508444964E-4
6,19	8,75801508444964E-4
6,195	8,75801508444964E-4
6,2	8,76751508444964E-4
6,205	8,75801508444964E-4
6,21	8,76751508444964E-4
6,215	8,78661508444964E-4
6,22	8,79611508444964E-4
6,225	8,81521508444964E-4
6,23	8,82471508444964E-4
6,235	8,83431508444964E-4
6,24	8,85331508444964E-4
6,245	8,87241508444964E-4
6,25	8,88191508444964E-4
6,255	8,89151508444964E-4
6,26	8,88191508444964E-4
6,265	8,87241508444964E-4
6,27	8,86291508444964E-4
6,275	8,85331508444964E-4
6,28	8,85331508444964E-4
6,285	8,84381508444964E-4
6,29	8,84381508444964E-4
6,295	8,84381508444964E-4
6,3	8,84381508444964E-4
6,305	8,85331508444964E-4
6,31	8,84381508444964E-4
6,315	8,84381508444964E-4
6,32	8,85331508444964E-4
6,325	8,86291508444964E-4
6,33	8,87241508444964E-4
6,335	8,87241508444964E-4
6,34	8,88191508444964E-4
6,345	8,89151508444964E-4
6,35	8,89151508444964E-4
6,355	8,91051508444964E-4
6,36	8,92011508444964E-4
6,365	8,93921508444964E-4
6,37	8,95821508444964E-4
6,375	8,95821508444964E-4
6,38	8,96781508444964E-4
6,385	8,96781508444964E-4
6,39	8,96781508444964E-4
6,395	8,96781508444964E-4
6,4	8,96781508444964E-4
6,405	8,96781508444964E-4
6,41	8,95821508444964E-4
6,415	8,95821508444964E-4
6,42	8,95821508444964E-4
6,425	8,96781508444964E-4
6,43	8,98681508444964E-4
6,435	9,00591508444964E-4
6,44	9,01551508444964E-4
6,445	9,01551508444964E-4
6,45	9,00591508444964E-4
6,455	8,99641508444964E-4
6,46	8,98681508444964E-4
6,465	8,98681508444964E-4
6,47	8,99641508444964E-4
6,475	8,99641508444964E-4
6,48	8,99641508444964E-4
6,485	8,98681508444964E-4
6,49	8,98681508444964E-4
6,495	8,98681508444964E-4
6,5	8,99641508444964E-4
6,505	8,99641508444964E-4
6,51	8,99641508444964E-4
6,515	8,98681508444964E-4
6,52	8,98681508444964E-4
6,525	8,98681508444964E-4
6,53	8,98681508444964E-4
6,535	8,97731508444964E-4
6,54	8,97731508444964E-4
6,545	8,97731508444964E-4
6,55	8,97731508444964E-4
6,555	8,98681508444964E-4
6,56	8,99641508444964E-4
6,565	9,00591508444964E-4
6,57	9,01551508444964E-4
6,575	9,02501508444964E-4
6,58	9,05361508444964E-4
6,585	9,06311508444964E-4
6,59	9,07271508444964E-4
6,595	9,08221508444964E-4
6,6	9,09171508444964E-4
6,605	9,10131508444964E-4
6,61	9,11081508444964E-4
6,615	9,10131508444964E-4
6,62	9,11081508444964E-4
6,625	9,12041508444964E-4
6,63	9,12041508444964E-4
6,635	9,11081508444964E-4
6,64	9,12041508444964E-4
6,645	9,12991508444964E-4
6,65	9,14901508444964E-4
6,655	9,15851508444964E-4
6,66	9,17761508444964E-4
6,665	9,20621508444964E-4
6,67	9,22531508444964E-4
6,675	9,24431508444964E-4
6,68	9,26341508444964E-4
6,685	9,28251508444964E-4
6,69	9,29201508444964E-4
6,695	9,32061508444964E-4
6,7	9,33971508444964E-4
6,705	9,35881508444964E-4
6,71	9,36831508444964E-4
6,715	9,38741508444964E-4
6,72	9,39691508444964E-4
6,725	9,40651508444964E-4
6,73	9,40651508444964E-4
6,735	9,41601508444964E-4
6,74	9,42551508444964E-4
6,745	9,43511508444964E-4
6,75	9,44461508444964E-4
6,755	9,45411508444964E-4
6,76	9,47321508444964E-4
6,765	9,49231508444964E-4
6,77	9,50181508444964E-4
6,775	9,50181508444964E-4
6,78	9,51141508444964E-4
6,785	9,51141508444964E-4
6,79	9,52091508444964E-4
6,795	9,52091508444964E-4
6,8	9,52091508444964E-4
6,805	9,50181508444964E-4
6,81	9,49231508444964E-4
6,815	9,47321508444964E-4
6,82	9,46371508444964E-4
6,825	9,46371508444964E-4
6,83	9,45411508444964E-4
6,835	9,45411508444964E-4
6,84	9,45411508444964E-4
6,845	9,46371508444964E-4
6,85	9,46371508444964E-4
6,855	9,45411508444964E-4
6,86	9,45411508444964E-4
6,865	9,43511508444964E-4
6,87	9,42551508444964E-4
6,875	9,41601508444964E-4
6,88	9,41601508444964E-4
6,885	9,41601508444964E-4
6,89	9,41601508444964E-4
6,895	9,40651508444964E-4
6,9	9,40651508444964E-4
6,905	9,39691508444964E-4
6,91	9,39691508444964E-4
6,915	9,38741508444964E-4
6,92	9,36831508444964E-4
6,925	9,35881508444964E-4
6,93	9,34921508444964E-4
6,935	9,33971508444964E-4
6,94	9,33021508444964E-4
6,945	9,32061508444964E-4
6,95	9,32061508444964E-4
6,955	9,31111508444964E-4
6,96	9,32061508444964E-4
6,965	9,33021508444964E-4
6,97	9,33021508444964E-4
6,975	9,33021508444964E-4
6,98	9,33021508444964E-4
6,985	9,33021508444964E-4
6,99	9,32061508444964E-4
6,995	9,32061508444964E-4
7	9,32061508444964E-4
7,005	9,32061508444964E-4
7,01	9,33021508444964E-4
7,015	9,33971508444964E-4
7,02	9,33971508444964E-4
7,025	9,34921508444964E-4
7,03	9,35881508444964E-4
7,035	9,36831508444964E-4
7,04	9,36831508444964E-4
7,045	9,35881508444964E-4
7,05	9,34921508444964E-4
7,055	9,33021508444964E-4
7,06	9,32061508444964E-4
7,065	9,30161508444964E-4
7,07	9,28251508444964E-4
7,075	9,27291508444964E-4
7,08	9,26341508444964E-4
7,085	9,25391508444964E-4
7,09	9,24431508444964E-4
7,095	9,23481508444964E-4
7,1	9,21571508444964E-4
7,105	9,20621508444964E-4
7,11	9,18711508444964E-4
7,115	9,17761508444964E-4
7,12	9,18711508444964E-4
7,125	9,18711508444964E-4
7,13	9,19661508444964E-4
7,135	9,21571508444964E-4
7,14	9,24431508444964E-4
7,145	9,26341508444964E-4
7,15	9,29201508444964E-4
7,155	9,31111508444964E-4
7,16	9,32061508444964E-4
7,165	9,31111508444964E-4
7,17	9,30161508444964E-4
7,175	9,29201508444964E-4
7,18	9,29201508444964E-4
7,185	9,29201508444964E-4
7,19	9,28251508444964E-4
7,195	9,27291508444964E-4
7,2	9,26341508444964E-4
7,205	9,25391508444964E-4
7,21	9,27291508444964E-4
7,215	9,29201508444964E-4
7,22	9,33971508444964E-4
7,225	9,33971508444964E-4
7,23	9,33971508444964E-4
7,235	9,33971508444964E-4
7,24	9,33971508444964E-4
7,245	9,33971508444964E-4
7,25	9,33971508444964E-4
