Radial coordinate	delta n
mm	
	212Bi-Ge
-7,245	0,00235510576004659
-7,24	0,00235700576004659
-7,235	0,00235700576004659
-7,23	0,00235700576004659
-7,225	0,00235700576004659
-7,22	0,00235700576004659
-7,215	0,00235700576004659
-7,21	0,00235700576004659
-7,205	0,00235700576004659
-7,2	0,00235510576004659
-7,195	0,00235700576004659
-7,19	0,00235700576004659
-7,185	0,00235700576004659
-7,18	0,00235700576004659
-7,175	0,00235700576004659
-7,17	0,00235700576004659
-7,165	0,00235700576004659
-7,16	0,00235700576004659
-7,155	0,00235700576004659
-7,15	0,00235700576004659
-7,145	0,00235700576004659
-7,14	0,00235700576004659
-7,135	0,00235510576004659
-7,13	0,00235510576004659
-7,125	0,00235319576004659
-7,12	0,00235319576004659
-7,115	0,00235319576004659
-7,11	0,00235319576004659
-7,105	0,00235319576004659
-7,1	0,00235319576004659
-7,095	0,00235319576004659
-7,09	0,00235128576004659
-7,085	0,00235128576004659
-7,08	0,00235128576004659
-7,075	0,00235128576004659
-7,07	0,00235128576004659
-7,065	0,00235128576004659
-7,06	0,00234938576004659
-7,055	0,00234938576004659
-7,05	0,00234747576004659
-7,045	0,00234556576004659
-7,04	0,00234556576004659
-7,035	0,00234365576004659
-7,03	0,00234365576004659
-7,025	0,00234365576004659
-7,02	0,00234365576004659
-7,015	0,00234365576004659
-7,01	0,00234365576004659
-7,005	0,00234365576004659
-7	0,00234365576004659
-6,995	0,00234365576004659
-6,99	0,00234365576004659
-6,985	0,00234556576004659
-6,98	0,00234556576004659
-6,975	0,00234556576004659
-6,97	0,00234556576004659
-6,965	0,00234556576004659
-6,96	0,00234556576004659
-6,955	0,00234365576004659
-6,95	0,00234365576004659
-6,945	0,00234365576004659
-6,94	0,00234365576004659
-6,935	0,00234175576004659
-6,93	0,00234175576004659
-6,925	0,00233984576004659
-6,92	0,00233793576004659
-6,915	0,00233793576004659
-6,91	0,00233793576004659
-6,905	0,00233793576004659
-6,9	0,00233793576004659
-6,895	0,00233793576004659
-6,89	0,00233602576004659
-6,885	0,00233793576004659
-6,88	0,00233793576004659
-6,875	0,00233793576004659
-6,87	0,00233793576004659
-6,865	0,00233793576004659
-6,86	0,00233793576004659
-6,855	0,00233793576004659
-6,85	0,00233793576004659
-6,845	0,00233793576004659
-6,84	0,00233793576004659
-6,835	0,00233793576004659
-6,83	0,00233793576004659
-6,825	0,00233793576004659
-6,82	0,00233793576004659
-6,815	0,00233984576004659
-6,81	0,00233984576004659
-6,805	0,00233793576004659
-6,8	0,00233793576004659
-6,795	0,00233793576004659
-6,79	0,00233793576004659
-6,785	0,00233793576004659
-6,78	0,00233793576004659
-6,775	0,00233793576004659
-6,77	0,00233793576004659
-6,765	0,00233984576004659
-6,76	0,00233984576004659
-6,755	0,00233984576004659
-6,75	0,00233984576004659
-6,745	0,00233984576004659
-6,74	0,00234175576004659
-6,735	0,00234175576004659
-6,73	0,00234175576004659
-6,725	0,00233984576004659
-6,72	0,00233984576004659
-6,715	0,00233984576004659
-6,71	0,00233984576004659
-6,705	0,00233984576004659
-6,7	0,00234175576004659
-6,695	0,00234175576004659
-6,69	0,00234175576004659
-6,685	0,00234365576004659
-6,68	0,00234365576004659
-6,675	0,00234365576004659
-6,67	0,00234175576004659
-6,665	0,00234175576004659
-6,66	0,00234175576004659
-6,655	0,00234175576004659
-6,65	0,00234175576004659
-6,645	0,00233984576004659
-6,64	0,00233984576004659
-6,635	0,00233793576004659
-6,63	0,00233602576004659
-6,625	0,00233602576004659
-6,62	0,00233221576004659
-6,615	0,00233221576004659
-6,61	0,00233030576004659
-6,605	0,00232839576004659
-6,6	0,00232649576004659
-6,595	0,00232458576004659
-6,59	0,00232458576004659
-6,585	0,00232267576004659
-6,58	0,00232077576004659
-6,575	0,00231886576004659
-6,57	0,00231886576004659
-6,565	0,00231695576004659
-6,56	0,00231314576004659
-6,555	0,00231314576004659
-6,55	0,00231314576004659
-6,545	0,00231314576004659
-6,54	0,00231314576004659
-6,535	0,00231314576004659
-6,53	0,00231123576004659
-6,525	0,00231123576004659
-6,52	0,00231123576004659
-6,515	0,00230932576004659
-6,51	0,00230932576004659
-6,505	0,00230551576004659
-6,5	0,00230360576004659
-6,495	0,00230360576004659
-6,49	0,00230360576004659
-6,485	0,00230360576004659
-6,48	0,00230169576004659
-6,475	0,00230169576004659
-6,47	0,00230169576004659
-6,465	0,00230169576004659
-6,46	0,00230169576004659
-6,455	0,00230169576004659
-6,45	0,00230169576004659
-6,445	0,00230169576004659
-6,44	0,00230169576004659
-6,435	0,00230169576004659
-6,43	0,00230169576004659
-6,425	0,00229978576004659
-6,42	0,00229978576004659
-6,415	0,00229978576004659
-6,41	0,00229978576004659
-6,405	0,00229978576004659
-6,4	0,00229788576004659
-6,395	0,00229597576004659
-6,39	0,00229597576004659
-6,385	0,00229597576004659
-6,38	0,00229406576004659
-6,375	0,00229406576004659
-6,37	0,00229215576004659
-6,365	0,00229215576004659
-6,36	0,00229025576004659
-6,355	0,00228834576004659
-6,35	0,00228834576004659
-6,345	0,00228834576004659
-6,34	0,00228834576004659
-6,335	0,00228643576004659
-6,33	0,00228643576004659
-6,325	0,00228643576004659
-6,32	0,00228453576004659
-6,315	0,00228453576004659
-6,31	0,00228453576004659
-6,305	0,00228453576004659
-6,3	0,00228643576004659
-6,295	0,00228643576004659
-6,29	0,00228643576004659
-6,285	0,00228643576004659
-6,28	0,00228834576004659
-6,275	0,00228834576004659
-6,27	0,00228834576004659
-6,265	0,00228834576004659
-6,26	0,00229025576004659
-6,255	0,00229025576004659
-6,25	0,00229025576004659
-6,245	0,00229025576004659
-6,24	0,00229025576004659
-6,235	0,00229025576004659
-6,23	0,00229025576004659
-6,225	0,00229025576004659
-6,22	0,00229025576004659
-6,215	0,00229025576004659
-6,21	0,00229025576004659
-6,205	0,00229025576004659
-6,2	0,00229025576004659
-6,195	0,00229025576004659
-6,19	0,00229025576004659
-6,185	0,00229215576004659
-6,18	0,00229215576004659
-6,175	0,00229215576004659
-6,17	0,00229215576004659
-6,165	0,00229025576004659
-6,16	0,00229025576004659
-6,155	0,00229025576004659
-6,15	0,00228834576004659
-6,145	0,00228643576004659
-6,14	0,00228643576004659
-6,135	0,00228643576004659
-6,13	0,00228643576004659
-6,125	0,00228453576004659
-6,12	0,00228262576004659
-6,115	0,00228071576004659
-6,11	0,00227880576004659
-6,105	0,00227880576004659
-6,1	0,00227690576004659
-6,095	0,00227499576004659
-6,09	0,00227499576004659
-6,085	0,00227308576004659
-6,08	0,00227308576004659
-6,075	0,00227308576004659
-6,07	0,00227308576004659
-6,065	0,00227117576004659
-6,06	0,00227117576004659
-6,055	0,00227117576004659
-6,05	0,00227117576004659
-6,045	0,00227117576004659
-6,04	0,00227117576004659
-6,035	0,00227117576004659
-6,03	0,00227117576004659
-6,025	0,00227117576004659
-6,02	0,00226927576004659
-6,015	0,00225782576004659
-6,01	0,00222158576004659
-6,005	0,00209570576004659
-6	0,00172567576004659
-5,995	0,00133467576004659
-5,99	0,00106573576004659
-5,985	9,05515760046593E-4
-5,98	8,10145760046593E-4
-5,975	7,54835760046593E-4
-5,97	7,24315760046593E-4
-5,965	7,09065760046593E-4
-5,96	6,99525760046593E-4
-5,955	6,93805760046593E-4
-5,95	6,91895760046593E-4
-5,945	6,88075760046593E-4
-5,94	6,86175760046593E-4
-5,935	6,80455760046593E-4
-5,93	6,78545760046593E-4
-5,925	6,76635760046593E-4
-5,92	6,78545760046593E-4
-5,915	6,78545760046593E-4
-5,91	6,76635760046593E-4
-5,905	6,78545760046593E-4
-5,9	6,78545760046593E-4
-5,895	6,82355760046593E-4
-5,89	6,84265760046593E-4
-5,885	6,84265760046593E-4
-5,88	6,86175760046593E-4
-5,875	6,88075760046593E-4
-5,87	6,89985760046593E-4
-5,865	6,89985760046593E-4
-5,86	6,91895760046593E-4
-5,855	6,95705760046593E-4
-5,85	6,95705760046593E-4
-5,845	6,97615760046593E-4
-5,84	6,99525760046593E-4
-5,835	7,03335760046593E-4
-5,83	7,05245760046593E-4
-5,825	7,07155760046593E-4
-5,82	7,07155760046593E-4
-5,815	7,09065760046593E-4
-5,81	7,10965760046593E-4
-5,805	7,14785760046593E-4
-5,8	7,14785760046593E-4
-5,795	7,14785760046593E-4
-5,79	7,12875760046593E-4
-5,785	7,12875760046593E-4
-5,78	7,12875760046593E-4
-5,775	7,14785760046593E-4
-5,77	7,14785760046593E-4
-5,765	7,12875760046593E-4
-5,76	7,12875760046593E-4
-5,755	7,14785760046593E-4
-5,75	7,14785760046593E-4
-5,745	7,12875760046593E-4
-5,74	7,12875760046593E-4
-5,735	7,10965760046593E-4
-5,73	7,09065760046593E-4
-5,725	7,09065760046593E-4
-5,72	7,07155760046593E-4
-5,715	7,07155760046593E-4
-5,71	7,05245760046593E-4
-5,705	7,05245760046593E-4
-5,7	7,03335760046593E-4
-5,695	7,03335760046593E-4
-5,69	7,01435760046593E-4
-5,685	6,99525760046593E-4
-5,68	6,99525760046593E-4
-5,675	6,97615760046593E-4
-5,67	6,97615760046593E-4
-5,665	6,95705760046593E-4
-5,66	6,93805760046593E-4
-5,655	6,93805760046593E-4
-5,65	6,91895760046593E-4
-5,645	6,91895760046593E-4
-5,64	6,91895760046593E-4
-5,635	6,91895760046593E-4
-5,63	6,91895760046593E-4
-5,625	6,89985760046593E-4
-5,62	6,89985760046593E-4
-5,615	6,88075760046593E-4
-5,61	6,88075760046593E-4
-5,605	6,86175760046593E-4
-5,6	6,86175760046593E-4
-5,595	6,84265760046593E-4
-5,59	6,84265760046593E-4
-5,585	6,84265760046593E-4
-5,58	6,86175760046593E-4
-5,575	6,84265760046593E-4
-5,57	6,84265760046593E-4
-5,565	6,84265760046593E-4
-5,56	6,84265760046593E-4
-5,555	6,84265760046593E-4
-5,55	6,82355760046593E-4
-5,545	6,82355760046593E-4
-5,54	6,82355760046593E-4
-5,535	6,80455760046593E-4
-5,53	6,80455760046593E-4
-5,525	6,80455760046593E-4
-5,52	6,78545760046593E-4
-5,515	6,78545760046593E-4
-5,51	6,78545760046593E-4
-5,505	6,78545760046593E-4
-5,5	6,78545760046593E-4
-5,495	6,78545760046593E-4
-5,49	6,76635760046593E-4
-5,485	6,76635760046593E-4
-5,48	6,76635760046593E-4
-5,475	6,76635760046593E-4
-5,47	6,76635760046593E-4
-5,465	6,76635760046593E-4
-5,46	6,74725760046593E-4
-5,455	6,74725760046593E-4
-5,45	6,70915760046593E-4
-5,445	6,69005760046593E-4
-5,44	6,69005760046593E-4
-5,435	6,65195760046593E-4
-5,43	6,65195760046593E-4
-5,425	6,65195760046593E-4
-5,42	6,65195760046593E-4
-5,415	6,65195760046593E-4
-5,41	6,63285760046593E-4
-5,405	6,65195760046593E-4
-5,4	6,65195760046593E-4
-5,395	6,65195760046593E-4
-5,39	6,65195760046593E-4
-5,385	6,63285760046593E-4
-5,38	6,63285760046593E-4
-5,375	6,63285760046593E-4
-5,37	6,63285760046593E-4
-5,365	6,61375760046593E-4
-5,36	6,59465760046593E-4
-5,355	6,61375760046593E-4
-5,35	6,61375760046593E-4
-5,345	6,61375760046593E-4
-5,34	6,63285760046593E-4
-5,335	6,63285760046593E-4
-5,33	6,63285760046593E-4
-5,325	6,63285760046593E-4
-5,32	6,63285760046593E-4
-5,315	6,63285760046593E-4
-5,31	6,63285760046593E-4
-5,305	6,61375760046593E-4
-5,3	6,63285760046593E-4
-5,295	6,61375760046593E-4
-5,29	6,65195760046593E-4
-5,285	6,65195760046593E-4
-5,28	6,63285760046593E-4
-5,275	6,65195760046593E-4
-5,27	6,63285760046593E-4
-5,265	6,65195760046593E-4
-5,26	6,65195760046593E-4
-5,255	6,65195760046593E-4
-5,25	6,67095760046593E-4
-5,245	6,67095760046593E-4
-5,24	6,67095760046593E-4
-5,235	6,69005760046593E-4
-5,23	6,67095760046593E-4
-5,225	6,69005760046593E-4
-5,22	6,69005760046593E-4
-5,215	6,69005760046593E-4
-5,21	6,69005760046593E-4
-5,205	6,65195760046593E-4
-5,2	6,67095760046593E-4
-5,195	6,65195760046593E-4
-5,19	6,65195760046593E-4
-5,185	6,67095760046593E-4
-5,18	6,67095760046593E-4
-5,175	6,67095760046593E-4
-5,17	6,67095760046593E-4
-5,165	6,69005760046593E-4
-5,16	6,69005760046593E-4
-5,155	6,67095760046593E-4
-5,15	6,67095760046593E-4
-5,145	6,67095760046593E-4
-5,14	6,67095760046593E-4
-5,135	6,67095760046593E-4
-5,13	6,67095760046593E-4
-5,125	6,67095760046593E-4
-5,12	6,65195760046593E-4
-5,115	6,65195760046593E-4
-5,11	6,67095760046593E-4
-5,105	6,67095760046593E-4
-5,1	6,65195760046593E-4
-5,095	6,67095760046593E-4
-5,09	6,65195760046593E-4
-5,085	6,65195760046593E-4
-5,08	6,65195760046593E-4
-5,075	6,63285760046593E-4
-5,07	6,65195760046593E-4
-5,065	6,63285760046593E-4
-5,06	6,65195760046593E-4
-5,055	6,63285760046593E-4
-5,05	6,63285760046593E-4
-5,045	6,65195760046593E-4
-5,04	6,65195760046593E-4
-5,035	6,65195760046593E-4
-5,03	6,63285760046593E-4
-5,025	6,63285760046593E-4
-5,02	6,63285760046593E-4
-5,015	6,61375760046593E-4
-5,01	6,61375760046593E-4
-5,005	6,59465760046593E-4
-5	6,59465760046593E-4
-4,995	6,57565760046593E-4
-4,99	6,55655760046593E-4
-4,985	6,55655760046593E-4
-4,98	6,55655760046593E-4
-4,975	6,53745760046593E-4
-4,97	6,55655760046593E-4
-4,965	6,53745760046593E-4
-4,96	6,51845760046593E-4
-4,955	6,51845760046593E-4
-4,95	6,51845760046593E-4
-4,945	6,49935760046593E-4
-4,94	6,48025760046593E-4
-4,935	6,46115760046593E-4
-4,93	6,46115760046593E-4
-4,925	6,44215760046593E-4
-4,92	6,40395760046593E-4
-4,915	6,38485760046593E-4
-4,91	6,38485760046593E-4
-4,905	6,36585760046593E-4
-4,9	6,36585760046593E-4
-4,895	6,32765760046593E-4
-4,89	6,32765760046593E-4
-4,885	6,30855760046593E-4
-4,88	6,30855760046593E-4
-4,875	6,30855760046593E-4
-4,87	6,28955760046593E-4
-4,865	6,27045760046593E-4
-4,86	6,27045760046593E-4
-4,855	6,25135760046593E-4
-4,85	6,25135760046593E-4
-4,845	6,25135760046593E-4
-4,84	6,25135760046593E-4
-4,835	6,23225760046593E-4
-4,83	6,25135760046593E-4
-4,825	6,25135760046593E-4
-4,82	6,25135760046593E-4
-4,815	6,25135760046593E-4
-4,81	6,23225760046593E-4
-4,805	6,23225760046593E-4
-4,8	6,27045760046593E-4
-4,795	6,27045760046593E-4
-4,79	6,27045760046593E-4
-4,785	6,27045760046593E-4
-4,78	6,27045760046593E-4
-4,775	6,30855760046593E-4
-4,77	6,30855760046593E-4
-4,765	6,30855760046593E-4
-4,76	6,30855760046593E-4
-4,755	6,30855760046593E-4
-4,75	6,30855760046593E-4
-4,745	6,32765760046593E-4
-4,74	6,34675760046593E-4
-4,735	6,34675760046593E-4
-4,73	6,32765760046593E-4
-4,725	6,34675760046593E-4
-4,72	6,34675760046593E-4
-4,715	6,32765760046593E-4
-4,71	6,34675760046593E-4
-4,705	6,36585760046593E-4
-4,7	6,36585760046593E-4
-4,695	6,36585760046593E-4
-4,69	6,38485760046593E-4
-4,685	6,40395760046593E-4
-4,68	6,42305760046593E-4
-4,675	6,40395760046593E-4
-4,67	6,42305760046593E-4
-4,665	6,44215760046593E-4
-4,66	6,44215760046593E-4
-4,655	6,46115760046593E-4
-4,65	6,48025760046593E-4
-4,645	6,49935760046593E-4
-4,64	6,48025760046593E-4
-4,635	6,49935760046593E-4
-4,63	6,48025760046593E-4
-4,625	6,48025760046593E-4
-4,62	6,46115760046593E-4
-4,615	6,46115760046593E-4
-4,61	6,48025760046593E-4
-4,605	6,48025760046593E-4
-4,6	6,49935760046593E-4
-4,595	6,49935760046593E-4
-4,59	6,48025760046593E-4
-4,585	6,46115760046593E-4
-4,58	6,46115760046593E-4
-4,575	6,48025760046593E-4
-4,57	6,46115760046593E-4
-4,565	6,46115760046593E-4
-4,56	6,46115760046593E-4
-4,555	6,46115760046593E-4
-4,55	6,46115760046593E-4
-4,545	6,46115760046593E-4
-4,54	6,46115760046593E-4
-4,535	6,46115760046593E-4
-4,53	6,44215760046593E-4
-4,525	6,44215760046593E-4
-4,52	6,42305760046593E-4
-4,515	6,44215760046593E-4
-4,51	6,42305760046593E-4
-4,505	6,42305760046593E-4
-4,5	6,40395760046593E-4
-4,495	6,40395760046593E-4
-4,49	6,40395760046593E-4
-4,485	6,36585760046593E-4
-4,48	6,34675760046593E-4
-4,475	6,34675760046593E-4
-4,47	6,32765760046593E-4
-4,465	6,30855760046593E-4
-4,46	6,28955760046593E-4
-4,455	6,28955760046593E-4
-4,45	6,27045760046593E-4
-4,445	6,25135760046593E-4
-4,44	6,23225760046593E-4
-4,435	6,25135760046593E-4
-4,43	6,23225760046593E-4
-4,425	6,23225760046593E-4
-4,42	6,23225760046593E-4
-4,415	6,23225760046593E-4
-4,41	6,23225760046593E-4
-4,405	6,21325760046593E-4
-4,4	6,19415760046593E-4
-4,395	6,17505760046593E-4
-4,39	6,17505760046593E-4
-4,385	6,15605760046593E-4
-4,38	6,15605760046593E-4
-4,375	6,15605760046593E-4
-4,37	6,15605760046593E-4
-4,365	6,15605760046593E-4
-4,36	6,13695760046593E-4
-4,355	6,11785760046593E-4
-4,35	6,09875760046593E-4
-4,345	6,09875760046593E-4
-4,34	6,09875760046593E-4
-4,335	6,07975760046593E-4
-4,33	6,06065760046593E-4
-4,325	6,06065760046593E-4
-4,32	6,04155760046593E-4
-4,315	6,06065760046593E-4
-4,31	6,04155760046593E-4
-4,305	6,00345760046593E-4
-4,3	5,98435760046593E-4
-4,295	5,98435760046593E-4
-4,29	6,00345760046593E-4
-4,285	5,98435760046593E-4
-4,28	5,96525760046593E-4
-4,275	5,96525760046593E-4
-4,27	5,96525760046593E-4
-4,265	5,96525760046593E-4
-4,26	5,96525760046593E-4
-4,255	5,98435760046593E-4
-4,25	5,96525760046593E-4
-4,245	5,96525760046593E-4
-4,24	5,94615760046593E-4
-4,235	5,94615760046593E-4
-4,23	5,92715760046593E-4
-4,225	5,92715760046593E-4
-4,22	5,88895760046593E-4
-4,215	5,88895760046593E-4
-4,21	5,92715760046593E-4
-4,205	5,92715760046593E-4
-4,2	5,94615760046593E-4
-4,195	5,96525760046593E-4
-4,19	5,94615760046593E-4
-4,185	5,92715760046593E-4
-4,18	5,92715760046593E-4
-4,175	5,92715760046593E-4
-4,17	5,92715760046593E-4
-4,165	5,92715760046593E-4
-4,16	5,90805760046593E-4
-4,155	5,90805760046593E-4
-4,15	5,90805760046593E-4
-4,145	5,90805760046593E-4
-4,14	5,88895760046593E-4
-4,135	5,86995760046593E-4
-4,13	5,86995760046593E-4
-4,125	5,85085760046593E-4
-4,12	5,85085760046593E-4
-4,115	5,85085760046593E-4
-4,11	5,85085760046593E-4
-4,105	5,83175760046593E-4
-4,1	5,85085760046593E-4
-4,095	5,83175760046593E-4
-4,09	5,85085760046593E-4
-4,085	5,85085760046593E-4
-4,08	5,85085760046593E-4
-4,075	5,83175760046593E-4
-4,07	5,81265760046593E-4
-4,065	5,79365760046593E-4
-4,06	5,77455760046593E-4
-4,055	5,75545760046593E-4
-4,05	5,75545760046593E-4
-4,045	5,75545760046593E-4
-4,04	5,75545760046593E-4
-4,035	5,77455760046593E-4
-4,03	5,75545760046593E-4
-4,025	5,75545760046593E-4
-4,02	5,73635760046593E-4
-4,015	5,71735760046593E-4
-4,01	5,71735760046593E-4
-4,005	5,69825760046593E-4
-4	5,69825760046593E-4
-3,995	5,66005760046593E-4
-3,99	5,62195760046593E-4
-3,985	5,58375760046593E-4
-3,98	5,56475760046593E-4
-3,975	5,52655760046593E-4
-3,97	5,52655760046593E-4
-3,965	5,52655760046593E-4
-3,96	5,50755760046593E-4
-3,955	5,46935760046593E-4
-3,95	5,46935760046593E-4
-3,945	5,46935760046593E-4
-3,94	5,46935760046593E-4
-3,935	5,45025760046593E-4
-3,93	5,43125760046593E-4
-3,925	5,41215760046593E-4
-3,92	5,39305760046593E-4
-3,915	5,39305760046593E-4
-3,91	5,37395760046593E-4
-3,905	5,37395760046593E-4
-3,9	5,41215760046593E-4
-3,895	5,39305760046593E-4
-3,89	5,39305760046593E-4
-3,885	5,39305760046593E-4
-3,88	5,41215760046593E-4
-3,875	5,39305760046593E-4
-3,87	5,39305760046593E-4
-3,865	5,39305760046593E-4
-3,86	5,41215760046593E-4
-3,855	5,39305760046593E-4
-3,85	5,39305760046593E-4
-3,845	5,39305760046593E-4
-3,84	5,35495760046593E-4
-3,835	5,33585760046593E-4
-3,83	5,35495760046593E-4
-3,825	5,35495760046593E-4
-3,82	5,39305760046593E-4
-3,815	5,39305760046593E-4
-3,81	5,39305760046593E-4
-3,805	5,39305760046593E-4
-3,8	5,39305760046593E-4
-3,795	5,37395760046593E-4
-3,79	5,37395760046593E-4
-3,785	5,37395760046593E-4
-3,78	5,37395760046593E-4
-3,775	5,37395760046593E-4
-3,77	5,37395760046593E-4
-3,765	5,39305760046593E-4
-3,76	5,41215760046593E-4
-3,755	5,41215760046593E-4
-3,75	5,43125760046593E-4
-3,745	5,46935760046593E-4
-3,74	5,46935760046593E-4
-3,735	5,48845760046593E-4
-3,73	5,48845760046593E-4
-3,725	5,48845760046593E-4
-3,72	5,48845760046593E-4
-3,715	5,46935760046593E-4
-3,71	5,45025760046593E-4
-3,705	5,43125760046593E-4
-3,7	5,43125760046593E-4
-3,695	5,41215760046593E-4
-3,69	5,39305760046593E-4
-3,685	5,39305760046593E-4
-3,68	5,39305760046593E-4
-3,675	5,39305760046593E-4
-3,67	5,41215760046593E-4
-3,665	5,41215760046593E-4
-3,66	5,45025760046593E-4
-3,655	5,43125760046593E-4
-3,65	5,45025760046593E-4
-3,645	5,46935760046593E-4
-3,64	5,46935760046593E-4
-3,635	5,48845760046593E-4
-3,63	5,50755760046593E-4
-3,625	5,52655760046593E-4
-3,62	5,54565760046593E-4
-3,615	5,56475760046593E-4
-3,61	5,60285760046593E-4
-3,605	5,60285760046593E-4
-3,6	5,62195760046593E-4
-3,595	5,64105760046593E-4
-3,59	5,67915760046593E-4
-3,585	5,71735760046593E-4
-3,58	5,73635760046593E-4
-3,575	5,75545760046593E-4
-3,57	5,79365760046593E-4
-3,565	5,81265760046593E-4
-3,56	5,81265760046593E-4
-3,555	5,83175760046593E-4
-3,55	5,86995760046593E-4
-3,545	5,88895760046593E-4
-3,54	5,88895760046593E-4
-3,535	5,90805760046593E-4
-3,53	5,90805760046593E-4
-3,525	5,90805760046593E-4
-3,52	5,92715760046593E-4
-3,515	5,92715760046593E-4
-3,51	5,92715760046593E-4
-3,505	5,92715760046593E-4
-3,5	5,92715760046593E-4
-3,495	5,92715760046593E-4
-3,49	5,94615760046593E-4
-3,485	5,96525760046593E-4
-3,48	6,00345760046593E-4
-3,475	6,02245760046593E-4
-3,47	6,07975760046593E-4
-3,465	6,09875760046593E-4
-3,46	6,11785760046593E-4
-3,455	6,13695760046593E-4
-3,45	6,15605760046593E-4
-3,445	6,17505760046593E-4
-3,44	6,17505760046593E-4
-3,435	6,21325760046593E-4
-3,43	6,23225760046593E-4
-3,425	6,25135760046593E-4
-3,42	6,25135760046593E-4
-3,415	6,25135760046593E-4
-3,41	6,25135760046593E-4
-3,405	6,25135760046593E-4
-3,4	6,25135760046593E-4
-3,395	6,25135760046593E-4
-3,39	6,23225760046593E-4
-3,385	6,25135760046593E-4
-3,38	6,25135760046593E-4
-3,375	6,23225760046593E-4
-3,37	6,25135760046593E-4
-3,365	6,23225760046593E-4
-3,36	6,21325760046593E-4
-3,355	6,21325760046593E-4
-3,35	6,19415760046593E-4
-3,345	6,17505760046593E-4
-3,34	6,17505760046593E-4
-3,335	6,19415760046593E-4
-3,33	6,19415760046593E-4
-3,325	6,21325760046593E-4
-3,32	6,19415760046593E-4
-3,315	6,21325760046593E-4
-3,31	6,19415760046593E-4
-3,305	6,19415760046593E-4
-3,3	6,21325760046593E-4
-3,295	6,21325760046593E-4
-3,29	6,19415760046593E-4
-3,285	6,19415760046593E-4
-3,28	6,19415760046593E-4
-3,275	6,17505760046593E-4
-3,27	6,17505760046593E-4
-3,265	6,13695760046593E-4
-3,26	6,15605760046593E-4
-3,255	6,17505760046593E-4
-3,25	6,17505760046593E-4
-3,245	6,17505760046593E-4
-3,24	6,19415760046593E-4
-3,235	6,21325760046593E-4
-3,23	6,19415760046593E-4
-3,225	6,19415760046593E-4
-3,22	6,17505760046593E-4
-3,215	6,17505760046593E-4
-3,21	6,15605760046593E-4
-3,205	6,17505760046593E-4
-3,2	6,19415760046593E-4
-3,195	6,17505760046593E-4
-3,19	6,19415760046593E-4
-3,185	6,17505760046593E-4
-3,18	6,19415760046593E-4
-3,175	6,17505760046593E-4
-3,17	6,17505760046593E-4
-3,165	6,17505760046593E-4
-3,16	6,17505760046593E-4
-3,155	6,17505760046593E-4
-3,15	6,15605760046593E-4
-3,145	6,15605760046593E-4
-3,14	6,15605760046593E-4
-3,135	6,13695760046593E-4
-3,13	6,15605760046593E-4
-3,125	6,15605760046593E-4
-3,12	6,13695760046593E-4
-3,115	6,11785760046593E-4
-3,11	6,09875760046593E-4
-3,105	6,09875760046593E-4
-3,1	6,09875760046593E-4
-3,095	6,09875760046593E-4
-3,09	6,09875760046593E-4
-3,085	6,07975760046593E-4
-3,08	6,09875760046593E-4
-3,075	6,09875760046593E-4
-3,07	6,09875760046593E-4
-3,065	6,07975760046593E-4
-3,06	6,07975760046593E-4
-3,055	6,07975760046593E-4
-3,05	6,06065760046593E-4
-3,045	6,04155760046593E-4
-3,04	6,04155760046593E-4
-3,035	6,02245760046593E-4
-3,03	6,02245760046593E-4
-3,025	5,98435760046593E-4
-3,02	5,96525760046593E-4
-3,015	5,94615760046593E-4
-3,01	5,92715760046593E-4
-3,005	5,92715760046593E-4
-3	5,94615760046593E-4
-2,995	5,94615760046593E-4
-2,99	5,92715760046593E-4
-2,985	5,92715760046593E-4
-2,98	5,90805760046593E-4
-2,975	5,88895760046593E-4
-2,97	5,86995760046593E-4
-2,965	5,85085760046593E-4
-2,96	5,83175760046593E-4
-2,955	5,83175760046593E-4
-2,95	5,83175760046593E-4
-2,945	5,81265760046593E-4
-2,94	5,81265760046593E-4
-2,935	5,79365760046593E-4
-2,93	5,75545760046593E-4
-2,925	5,71735760046593E-4
-2,92	5,67915760046593E-4
-2,915	5,66005760046593E-4
-2,91	5,64105760046593E-4
-2,905	5,62195760046593E-4
-2,9	5,62195760046593E-4
-2,895	5,62195760046593E-4
-2,89	5,62195760046593E-4
-2,885	5,62195760046593E-4
-2,88	5,60285760046593E-4
-2,875	5,58375760046593E-4
-2,87	5,58375760046593E-4
-2,865	5,58375760046593E-4
-2,86	5,58375760046593E-4
-2,855	5,56475760046593E-4
-2,85	5,58375760046593E-4
-2,845	5,54565760046593E-4
-2,84	5,54565760046593E-4
-2,835	5,50755760046593E-4
-2,83	5,48845760046593E-4
-2,825	5,45025760046593E-4
-2,82	5,43125760046593E-4
-2,815	5,39305760046593E-4
-2,81	5,33585760046593E-4
-2,805	5,27865760046593E-4
-2,8	5,24045760046593E-4
-2,795	5,20235760046593E-4
-2,79	5,18325760046593E-4
-2,785	5,16415760046593E-4
-2,78	5,16415760046593E-4
-2,775	5,12605760046593E-4
-2,77	5,08785760046593E-4
-2,765	5,06885760046593E-4
-2,76	5,04975760046593E-4
-2,755	5,03065760046593E-4
-2,75	5,01155760046593E-4
-2,745	5,01155760046593E-4
-2,74	4,99255760046593E-4
-2,735	4,97345760046593E-4
-2,73	4,99255760046593E-4
-2,725	4,95435760046593E-4
-2,72	4,95435760046593E-4
-2,715	4,91625760046593E-4
-2,71	4,89715760046593E-4
-2,705	4,87805760046593E-4
-2,7	4,87805760046593E-4
-2,695	4,87805760046593E-4
-2,69	4,91625760046593E-4
-2,685	4,91625760046593E-4
-2,68	4,91625760046593E-4
-2,675	4,91625760046593E-4
-2,67	4,91625760046593E-4
-2,665	4,93535760046593E-4
-2,66	4,95435760046593E-4
-2,655	4,97345760046593E-4
-2,65	5,01155760046593E-4
-2,645	5,03065760046593E-4
-2,64	5,03065760046593E-4
-2,635	5,03065760046593E-4
-2,63	5,04975760046593E-4
-2,625	5,06885760046593E-4
-2,62	5,08785760046593E-4
-2,615	5,08785760046593E-4
-2,61	5,08785760046593E-4
-2,605	5,08785760046593E-4
-2,6	5,10695760046593E-4
-2,595	5,12605760046593E-4
-2,59	5,16415760046593E-4
-2,585	5,18325760046593E-4
-2,58	5,20235760046593E-4
-2,575	5,24045760046593E-4
-2,57	5,27865760046593E-4
-2,565	5,27865760046593E-4
-2,56	5,29765760046593E-4
-2,555	5,29765760046593E-4
-2,55	5,29765760046593E-4
-2,545	5,29765760046593E-4
-2,54	5,31675760046593E-4
-2,535	5,35495760046593E-4
-2,53	5,37395760046593E-4
-2,525	5,39305760046593E-4
-2,52	5,41215760046593E-4
-2,515	5,41215760046593E-4
-2,51	5,45025760046593E-4
-2,505	5,45025760046593E-4
-2,5	5,46935760046593E-4
-2,495	5,48845760046593E-4
-2,49	5,48845760046593E-4
-2,485	5,50755760046593E-4
-2,48	5,50755760046593E-4
-2,475	5,50755760046593E-4
-2,47	5,50755760046593E-4
-2,465	5,46935760046593E-4
-2,46	5,45025760046593E-4
-2,455	5,43125760046593E-4
-2,45	5,41215760046593E-4
-2,445	5,39305760046593E-4
-2,44	5,37395760046593E-4
-2,435	5,35495760046593E-4
-2,43	5,37395760046593E-4
-2,425	5,35495760046593E-4
-2,42	5,35495760046593E-4
-2,415	5,35495760046593E-4
-2,41	5,35495760046593E-4
-2,405	5,35495760046593E-4
-2,4	5,35495760046593E-4
-2,395	5,37395760046593E-4
-2,39	5,39305760046593E-4
-2,385	5,43125760046593E-4
-2,38	5,45025760046593E-4
-2,375	5,46935760046593E-4
-2,37	5,48845760046593E-4
-2,365	5,46935760046593E-4
-2,36	5,48845760046593E-4
-2,355	5,48845760046593E-4
-2,35	5,48845760046593E-4
-2,345	5,48845760046593E-4
-2,34	5,46935760046593E-4
-2,335	5,46935760046593E-4
-2,33	5,46935760046593E-4
-2,325	5,45025760046593E-4
-2,32	5,45025760046593E-4
-2,315	5,43125760046593E-4
-2,31	5,43125760046593E-4
-2,305	5,37395760046593E-4
-2,3	5,39305760046593E-4
-2,295	5,37395760046593E-4
-2,29	5,35495760046593E-4
-2,285	5,33585760046593E-4
-2,28	5,35495760046593E-4
-2,275	5,37395760046593E-4
-2,27	5,39305760046593E-4
-2,265	5,37395760046593E-4
-2,26	5,37395760046593E-4
-2,255	5,35495760046593E-4
-2,25	5,35495760046593E-4
-2,245	5,35495760046593E-4
-2,24	5,33585760046593E-4
-2,235	5,31675760046593E-4
-2,23	5,29765760046593E-4
-2,225	5,25955760046593E-4
-2,22	5,25955760046593E-4
-2,215	5,24045760046593E-4
-2,21	5,25955760046593E-4
-2,205	5,27865760046593E-4
-2,2	5,27865760046593E-4
-2,195	5,25955760046593E-4
-2,19	5,24045760046593E-4
-2,185	5,24045760046593E-4
-2,18	5,20235760046593E-4
-2,175	5,22145760046593E-4
-2,17	5,18325760046593E-4
-2,165	5,20235760046593E-4
-2,16	5,18325760046593E-4
-2,155	5,18325760046593E-4
-2,15	5,16415760046593E-4
-2,145	5,16415760046593E-4
-2,14	5,14515760046593E-4
-2,135	5,16415760046593E-4
-2,13	5,20235760046593E-4
-2,125	5,20235760046593E-4
-2,12	5,22145760046593E-4
-2,115	5,22145760046593E-4
-2,11	5,25955760046593E-4
-2,105	5,27865760046593E-4
-2,1	5,29765760046593E-4
-2,095	5,29765760046593E-4
-2,09	5,31675760046593E-4
-2,085	5,33585760046593E-4
-2,08	5,35495760046593E-4
-2,075	5,35495760046593E-4
-2,07	5,37395760046593E-4
-2,065	5,41215760046593E-4
-2,06	5,46935760046593E-4
-2,055	5,46935760046593E-4
-2,05	5,45025760046593E-4
-2,045	5,45025760046593E-4
-2,04	5,45025760046593E-4
-2,035	5,45025760046593E-4
-2,03	5,45025760046593E-4
-2,025	5,48845760046593E-4
-2,02	5,50755760046593E-4
-2,015	5,50755760046593E-4
-2,01	5,50755760046593E-4
-2,005	5,50755760046593E-4
-2	5,50755760046593E-4
-1,995	5,50755760046593E-4
-1,99	5,48845760046593E-4
-1,985	5,46935760046593E-4
-1,98	5,46935760046593E-4
-1,975	5,46935760046593E-4
-1,97	5,48845760046593E-4
-1,965	5,48845760046593E-4
-1,96	5,48845760046593E-4
-1,955	5,48845760046593E-4
-1,95	5,50755760046593E-4
-1,945	5,50755760046593E-4
-1,94	5,52655760046593E-4
-1,935	5,52655760046593E-4
-1,93	5,52655760046593E-4
-1,925	5,52655760046593E-4
-1,92	5,56475760046593E-4
-1,915	5,54565760046593E-4
-1,91	5,54565760046593E-4
-1,905	5,54565760046593E-4
-1,9	5,52655760046593E-4
-1,895	5,50755760046593E-4
-1,89	5,48845760046593E-4
-1,885	5,48845760046593E-4
-1,88	5,48845760046593E-4
-1,875	5,48845760046593E-4
-1,87	5,46935760046593E-4
-1,865	5,46935760046593E-4
-1,86	5,45025760046593E-4
-1,855	5,45025760046593E-4
-1,85	5,46935760046593E-4
-1,845	5,48845760046593E-4
-1,84	5,50755760046593E-4
-1,835	5,50755760046593E-4
-1,83	5,48845760046593E-4
-1,825	5,46935760046593E-4
-1,82	5,46935760046593E-4
-1,815	5,45025760046593E-4
-1,81	5,45025760046593E-4
-1,805	5,43125760046593E-4
-1,8	5,43125760046593E-4
-1,795	5,41215760046593E-4
-1,79	5,39305760046593E-4
-1,785	5,37395760046593E-4
-1,78	5,33585760046593E-4
-1,775	5,35495760046593E-4
-1,77	5,31675760046593E-4
-1,765	5,27865760046593E-4
-1,76	5,22145760046593E-4
-1,755	5,18325760046593E-4
-1,75	5,12605760046593E-4
-1,745	5,06885760046593E-4
-1,74	4,99255760046593E-4
-1,735	4,93535760046593E-4
-1,73	4,89715760046593E-4
-1,725	4,85905760046593E-4
-1,72	4,82085760046593E-4
-1,715	4,76365760046593E-4
-1,71	4,68735760046593E-4
-1,705	4,57295760046593E-4
-1,7	4,49665760046593E-4
-1,695	4,40125760046593E-4
-1,69	4,30585760046593E-4
-1,685	4,17235760046593E-4
-1,68	4,01975760046593E-4
-1,675	3,84815760046593E-4
-1,67	3,65735760046593E-4
-1,665	3,44755760046593E-4
-1,66	3,21865760046593E-4
-1,655	3,02795760046593E-4
-1,65	2,87535760046593E-4
-1,645	2,68465760046593E-4
-1,64	2,47485760046593E-4
-1,635	2,24595760046593E-4
-1,63	1,99795760046593E-4
-1,625	1,75005760046593E-4
-1,62	1,63555760046593E-4
-1,615	1,65465760046593E-4
-1,61	1,88355760046593E-4
-1,605	2,26505760046593E-4
-1,6	2,76095760046593E-4
-1,595	3,19965760046593E-4
-1,59	3,63835760046593E-4
-1,585	3,96255760046593E-4
-1,58	4,07695760046593E-4
-1,575	4,09605760046593E-4
-1,57	4,00065760046593E-4
-1,565	3,84815760046593E-4
-1,56	3,67645760046593E-4
-1,555	3,46665760046593E-4
-1,55	3,25685760046593E-4
-1,545	3,08515760046593E-4
-1,54	2,95165760046593E-4
-1,535	2,81815760046593E-4
-1,53	2,74185760046593E-4
-1,525	2,66555760046593E-4
-1,52	2,58925760046593E-4
-1,515	2,51295760046593E-4
-1,51	2,43665760046593E-4
-1,505	2,39855760046593E-4
-1,5	2,36035760046593E-4
-1,495	2,37945760046593E-4
-1,49	2,47485760046593E-4
-1,485	2,77995760046593E-4
-1,48	3,19965760046593E-4
-1,475	3,65735760046593E-4
-1,47	4,30585760046593E-4
-1,465	5,06885760046593E-4
-1,46	5,75545760046593E-4
-1,455	6,32765760046593E-4
-1,45	6,78545760046593E-4
-1,445	7,05245760046593E-4
-1,44	7,12875760046593E-4
-1,435	7,03335760046593E-4
-1,43	6,86175760046593E-4
-1,425	6,67095760046593E-4
-1,42	6,44215760046593E-4
-1,415	6,21325760046593E-4
-1,41	5,96525760046593E-4
-1,405	5,71735760046593E-4
-1,4	5,48845760046593E-4
-1,395	5,27865760046593E-4
-1,39	5,08785760046593E-4
-1,385	4,91625760046593E-4
-1,38	4,74455760046593E-4
-1,375	4,61105760046593E-4
-1,37	4,49665760046593E-4
-1,365	4,42035760046593E-4
-1,36	4,45845760046593E-4
-1,355	4,63015760046593E-4
-1,35	5,03065760046593E-4
-1,345	5,56475760046593E-4
-1,34	6,15605760046593E-4
-1,335	6,84265760046593E-4
-1,33	7,58655760046593E-4
-1,325	8,27315760046593E-4
-1,32	8,84535760046593E-4
-1,315	9,28405760046593E-4
-1,31	9,55105760046593E-4
-1,305	9,62735760046593E-4
-1,3	9,58925760046593E-4
-1,295	9,39845760046593E-4
-1,29	9,18865760046593E-4
-1,285	8,94075760046593E-4
-1,28	8,65465760046593E-4
-1,275	8,36855760046593E-4
-1,27	8,06335760046593E-4
-1,265	7,75815760046593E-4
-1,26	7,47205760046593E-4
-1,255	7,18595760046593E-4
-1,25	6,91895760046593E-4
-1,245	6,69005760046593E-4
-1,24	6,44215760046593E-4
-1,235	6,25135760046593E-4
-1,23	6,07975760046593E-4
-1,225	5,92715760046593E-4
-1,22	5,83175760046593E-4
-1,215	5,81265760046593E-4
-1,21	5,83175760046593E-4
-1,205	5,94615760046593E-4
-1,2	6,25135760046593E-4
-1,195	6,65195760046593E-4
-1,19	7,12875760046593E-4
-1,185	7,62465760046593E-4
-1,18	8,13965760046593E-4
-1,175	8,61645760046593E-4
-1,17	8,99795760046593E-4
-1,165	9,28405760046593E-4
-1,16	9,43665760046593E-4
-1,155	9,47475760046593E-4
-1,15	9,37945760046593E-4
-1,145	9,20775760046593E-4
-1,14	8,97885760046593E-4
-1,135	8,71185760046593E-4
-1,13	8,40665760046593E-4
-1,125	8,10145760046593E-4
-1,12	7,75815760046593E-4
-1,115	7,45305760046593E-4
-1,11	7,16685760046593E-4
-1,105	6,88075760046593E-4
-1,1	6,63285760046593E-4
-1,095	6,34675760046593E-4
-1,09	6,09875760046593E-4
-1,085	5,83175760046593E-4
-1,08	5,54565760046593E-4
-1,075	5,27865760046593E-4
-1,07	5,06885760046593E-4
-1,065	5,01155760046593E-4
-1,06	5,37395760046593E-4
-1,055	6,32765760046593E-4
-1,05	7,96795760046593E-4
-1,045	0,00108290576004659
-1,04	0,00159597576004659
-1,035	0,00252676576004659
-1,03	0,00392294576004659
-1,025	0,00594091576004659
-1,02	0,00874853576004659
-1,015	0,0121874857600466
-1,01	0,0154795657600466
-1,005	0,0181441357600466
-1	0,0201621057600466
-0,995	0,0216631957600466
-0,99	0,0228190457600466
-0,985	0,0237040557600466
-0,98	0,0243163157600466
-0,975	0,0246710857600466
-0,97	0,0248942457600466
-0,965	0,0250220357600466
-0,96	0,0251994157600466
-0,955	0,0254263957600466
-0,95	0,0256781657600466
-0,945	0,0259223057600466
-0,94	0,0261435557600466
-0,935	0,0263361957600466
-0,93	0,0265440957600466
-0,925	0,0267634457600466
-0,92	0,0269942357600466
-0,915	0,0272002257600466
-0,91	0,0273375557600466
-0,905	0,0273451857600466
-0,9	0,0272669857600466
-0,895	0,0271716157600466
-0,89	0,0271296557600466
-0,885	0,0271525457600466
-0,88	0,0272288357600466
-0,875	0,0273432757600466
-0,87	0,0274786957600466
-0,865	0,0276160257600466
-0,86	0,0277705257600466
-0,855	0,0279326457600466
-0,85	0,0280871457600466
-0,845	0,0282053957600466
-0,84	0,0282492657600466
-0,835	0,0282282857600466
-0,83	0,0281538957600466
-0,825	0,0280451857600466
-0,82	0,0279231157600466
-0,815	0,0278162957600466
-0,81	0,0277857857600466
-0,805	0,0278277457600466
-0,8	0,0279498157600466
-0,795	0,0281024057600466
-0,79	0,0282340057600466
-0,785	0,0283274657600466
-0,78	0,0283789657600466
-0,775	0,0284380957600466
-0,77	0,0285277457600466
-0,765	0,0286345557600466
-0,76	0,0287318257600466
-0,755	0,0287642557600466
-0,75	0,0286688857600466
-0,745	0,0284762457600466
-0,74	0,0283160257600466
-0,735	0,0282321057600466
-0,73	0,0282187457600466
-0,725	0,0282588057600466
-0,72	0,0282855057600466
-0,715	0,0282855057600466
-0,71	0,0282378257600466
-0,705	0,0281653457600466
-0,7	0,0281062157600466
-0,695	0,0280966757600466
-0,69	0,0280680657600466
-0,685	0,0280051257600466
-0,68	0,0279288357600466
-0,675	0,0278449057600466
-0,67	0,0277762457600466
-0,665	0,0276885057600466
-0,66	0,0275797857600466
-0,655	0,0274863257600466
-0,65	0,0274310157600466
-0,645	0,0274539057600466
-0,64	0,0275588057600466
-0,635	0,0276846957600466
-0,63	0,0277895957600466
-0,625	0,0278544457600466
-0,62	0,0278582657600466
-0,615	0,0277876857600466
-0,61	0,0276408257600466
-0,605	0,0274901457600466
-0,6	0,0273757057600466
-0,595	0,0273203857600466
-0,59	0,0273299257600466
-0,585	0,0274081257600466
-0,58	0,0275321057600466
-0,575	0,0276885057600466
-0,57	0,0278315557600466
-0,565	0,0279555357600466
-0,56	0,0280413657600466
-0,555	0,0280966757600466
-0,55	0,0281119357600466
-0,545	0,0280489957600466
-0,54	0,0278925957600466
-0,535	0,0277438257600466
-0,53	0,0276770657600466
-0,525	0,0276904157600466
-0,52	0,0277857857600466
-0,515	0,0279288357600466
-0,51	0,0280661657600466
-0,505	0,0281901357600466
-0,5	0,0282874157600466
-0,495	0,0283503557600466
-0,49	0,0284018557600466
-0,485	0,0284476357600466
-0,48	0,0284876857600466
-0,475	0,0284972257600466
-0,47	0,0284209257600466
-0,465	0,0282835957600466
-0,46	0,0281519957600466
-0,455	0,0281043057600466
-0,45	0,0281214757600466
-0,445	0,0282034957600466
-0,44	0,0282969557600466
-0,435	0,0283331957600466
-0,43	0,0283141157600466
-0,425	0,0283064857600466
-0,42	0,0283541757600466
-0,415	0,0284361857600466
-0,41	0,0285258357600466
-0,405	0,0286154757600466
-0,4	0,0287184757600466
-0,395	0,0288386357600466
-0,39	0,0289530757600466
-0,385	0,0290751457600466
-0,38	0,0292334557600466
-0,375	0,0293555257600466
-0,37	0,0293803257600466
-0,365	0,0292677957600466
-0,36	0,0291094857600466
-0,355	0,0289912257600466
-0,35	0,0289149357600466
-0,345	0,0288691557600466
-0,34	0,0288825057600466
-0,335	0,0289359157600466
-0,33	0,0290064857600466
-0,325	0,0290732457600466
-0,32	0,0290999457600466
-0,315	0,0290637057600466
-0,31	0,0289855057600466
-0,305	0,0289435457600466
-0,3	0,0289473557600466
-0,295	0,0289931357600466
-0,29	0,0289816857600466
-0,285	0,0288901357600466
-0,28	0,0287928657600466
-0,275	0,0287203857600466
-0,27	0,0287108457600466
-0,265	0,0287280157600466
-0,26	0,0286955857600466
-0,255	0,0286555357600466
-0,25	0,0286974957600466
-0,245	0,0287966757600466
-0,24	0,0288710657600466
-0,235	0,0288195657600466
-0,23	0,0286803257600466
-0,225	0,0284590757600466
-0,22	0,0283083957600466
-0,215	0,0282359157600466
-0,21	0,0282015857600466
-0,205	0,0281958657600466
-0,2	0,0281748857600466
-0,195	0,0281043057600466
-0,19	0,0279936857600466
-0,185	0,0279097557600466
-0,18	0,0279002257600466
-0,175	0,0279955957600466
-0,17	0,0280928657600466
-0,165	0,0281901357600466
-0,16	0,0280375557600466
-0,155	0,0276923257600466
-0,15	0,0274157557600466
-0,145	0,0272212057600466
-0,14	0,0270552657600466
-0,135	0,0267767957600466
-0,13	0,0264773457600466
-0,125	0,0263628957600466
-0,12	0,0265593557600466
-0,115	0,0269198457600466
-0,11	0,0270190257600466
-0,105	0,0268549957600466
-0,1	0,0267195757600466
-0,095	0,0266509057600466
-0,09	0,0265593557600466
-0,085	0,0264372857600466
-0,08	0,0262408257600466
-0,075	0,0259451957600466
-0,07	0,0255675357600466
-0,065	0,0252337457600466
-0,06	0,0247798057600466
-0,055	0,0238738057600466
-0,05	0,0226016057600466
-0,045	0,0213046157600466
-0,04	0,0201220557600466
-0,035	0,0189433157600466
-0,03	0,0174250657600466
-0,025	0,0151629457600466
-0,02	0,0126910257600466
-0,015	0,0107417157600466
-0,01	0,00951147576004659
-0,005	0,00809622576004659
0	0,00394583576004659
0,005	-2,06464239953407E-4
0,01	0,00505590576004659
0,015	0,00961637576004659
0,02	0,0133185457600466
0,025	0,0162806557600466
0,03	0,0187125257600466
0,035	0,0208563857600466
0,04	0,0224986157600466
0,045	0,0236620957600466
0,05	0,0241885257600466
0,055	0,0244212157600466
0,06	0,0248198557600466
0,065	0,0253539157600466
0,07	0,0258536357600466
0,075	0,0263018657600466
0,08	0,0266470957600466
0,085	0,0268836057600466
0,09	0,0268874257600466
0,095	0,0268492757600466
0,1	0,0268664357600466
0,105	0,0270514557600466
0,11	0,0272250257600466
0,115	0,0271792457600466
0,12	0,0269217557600466
0,125	0,0266089457600466
0,13	0,0264086757600466
0,135	0,0264639857600466
0,14	0,0267100357600466
0,145	0,0270342857600466
0,15	0,0273451857600466
0,155	0,0275702557600466
0,16	0,0276808757600466
0,165	0,0277285657600466
0,17	0,0277590757600466
0,175	0,0278677957600466
0,18	0,0280318257600466
0,185	0,0282206557600466
0,19	0,0282797857600466
0,195	0,0281996757600466
0,2	0,0280623457600466
0,205	0,0278925957600466
0,21	0,0277667057600466
0,215	0,0277743357600466
0,22	0,0278811457600466
0,225	0,0280222957600466
0,23	0,0281176657600466
0,235	0,0280776057600466
0,24	0,0280394557600466
0,245	0,0280261057600466
0,25	0,0280737957600466
0,255	0,0281081257600466
0,26	0,0281176657600466
0,265	0,0281157557600466
0,27	0,0281481757600466
0,275	0,0282397357600466
0,28	0,0283770557600466
0,285	0,0284705157600466
0,29	0,0285506257600466
0,295	0,0286707957600466
0,3	0,0288462657600466
0,305	0,0290560757600466
0,31	0,0291762357600466
0,315	0,0291628857600466
0,32	0,0290293757600466
0,325	0,0288538957600466
0,33	0,0286650657600466
0,335	0,0285258357600466
0,34	0,0284934057600466
0,345	0,0284915057600466
0,35	0,0285162957600466
0,355	0,0285410957600466
0,36	0,0285983157600466
0,365	0,0287261057600466
0,37	0,0288443657600466
0,375	0,0288500857600466
0,38	0,0287680657600466
0,385	0,0286650657600466
0,39	0,0285887757600466
0,395	0,0285639757600466
0,4	0,0285697057600466
0,405	0,0285182057600466
0,41	0,0283675257600466
0,415	0,0281710657600466
0,42	0,0279688857600466
0,425	0,0278086657600466
0,43	0,0277247457600466
0,435	0,0277037657600466
0,44	0,0277075857600466
0,445	0,0277400057600466
0,45	0,0278067657600466
0,455	0,0278906857600466
0,46	0,0279555357600466
0,465	0,0279727057600466
0,47	0,0279574457600466
0,475	0,0279135757600466
0,48	0,0278296557600466
0,485	0,0277304657600466
0,49	0,0276446357600466
0,495	0,0275988657600466
0,5	0,0275836057600466
0,505	0,0275950457600466
0,51	0,0276122157600466
0,515	0,0276427357600466
0,52	0,0276827857600466
0,525	0,0277514457600466
0,53	0,0278067657600466
0,535	0,0277915057600466
0,54	0,0277133057600466
0,545	0,0276083957600466
0,55	0,0275168457600466
0,555	0,0274348257600466
0,56	0,0273432757600466
0,565	0,0272536357600466
0,57	0,0271639857600466
0,575	0,0270819757600466
0,58	0,0270094957600466
0,585	0,0269675257600466
0,59	0,0269866057600466
0,595	0,0270400057600466
0,6	0,0271163057600466
0,605	0,0271773357600466
0,61	0,0271964157600466
0,615	0,0272097657600466
0,62	0,0272231157600466
0,625	0,0272841457600466
0,63	0,0273890557600466
0,635	0,0274958657600466
0,64	0,0275492757600466
0,645	0,0275225657600466
0,65	0,0274367357600466
0,655	0,0272955957600466
0,66	0,0271468157600466
0,665	0,0270571757600466
0,67	0,0270552657600466
0,675	0,0271067657600466
0,68	0,0271964157600466
0,685	0,0273089457600466
0,69	0,0274462757600466
0,695	0,0275912357600466
0,7	0,0277133057600466
0,705	0,0277972257600466
0,71	0,0278639857600466
0,715	0,0279479057600466
0,72	0,0280642557600466
0,725	0,0282416357600466
0,73	0,0284380957600466
0,735	0,0286288257600466
0,74	0,0287547157600466
0,745	0,0288100257600466
0,75	0,0287909557600466
0,755	0,0287356457600466
0,76	0,0286593457600466
0,765	0,0285887757600466
0,77	0,0285220157600466
0,775	0,0284724257600466
0,78	0,0284304657600466
0,785	0,0283865957600466
0,79	0,0283331957600466
0,795	0,0282874157600466
0,8	0,0282645257600466
0,805	0,0282664357600466
0,81	0,0282893257600466
0,815	0,0283122057600466
0,82	0,0283312857600466
0,825	0,0283484457600466
0,83	0,0283446357600466
0,835	0,0283179357600466
0,84	0,0282301957600466
0,845	0,0281233857600466
0,85	0,0280089457600466
0,855	0,0279097557600466
0,86	0,0278391857600466
0,865	0,0277953157600466
0,87	0,0277800557600466
0,875	0,0277686157600466
0,88	0,0277419157600466
0,885	0,0277056757600466
0,89	0,0276579857600466
0,895	0,0276083957600466
0,9	0,0275435457600466
0,905	0,0274767957600466
0,91	0,0274138457600466
0,915	0,0273528157600466
0,92	0,0272936857600466
0,925	0,0272383757600466
0,93	0,0271754357600466
0,935	0,0271124857600466
0,94	0,0270648057600466
0,945	0,0270190257600466
0,95	0,0269560857600466
0,955	0,0267958657600466
0,96	0,0265002257600466
0,965	0,0260405557600466
0,97	0,0253958757600466
0,975	0,0244669957600466
0,98	0,0231337557600466
0,985	0,0212321357600466
0,99	0,0186896357600466
0,995	0,0153155357600466
1	0,0112071057600466
1,005	0,00712728576004659
1,01	0,00425482576004659
1,015	0,00260115576004659
1,02	0,00173139576004659
1,025	0,00126028576004659
1,03	9,72275760046593E-4
1,035	7,75815760046593E-4
1,04	6,53745760046593E-4
1,045	5,83175760046593E-4
1,05	5,43125760046593E-4
1,055	5,14515760046593E-4
1,06	4,99255760046593E-4
1,065	4,95435760046593E-4
1,07	4,97345760046593E-4
1,075	5,01155760046593E-4
1,08	5,08785760046593E-4
1,085	5,20235760046593E-4
1,09	5,31675760046593E-4
1,095	5,48845760046593E-4
1,1	5,67915760046593E-4
1,105	5,90805760046593E-4
1,11	6,15605760046593E-4
1,115	6,36585760046593E-4
1,12	6,59465760046593E-4
1,125	6,82355760046593E-4
1,13	6,93805760046593E-4
1,135	6,99525760046593E-4
1,14	6,97615760046593E-4
1,145	6,88075760046593E-4
1,15	6,70915760046593E-4
1,155	6,38485760046593E-4
1,16	5,98435760046593E-4
1,165	5,50755760046593E-4
1,17	4,97345760046593E-4
1,175	4,43935760046593E-4
1,18	3,96255760046593E-4
1,185	3,54295760046593E-4
1,19	3,18055760046593E-4
1,195	2,97075760046593E-4
1,2	2,85625760046593E-4
1,205	2,85625760046593E-4
1,21	2,95165760046593E-4
1,215	3,10425760046593E-4
1,22	3,29495760046593E-4
1,225	3,50475760046593E-4
1,23	3,77185760046593E-4
1,235	4,00065760046593E-4
1,24	4,24865760046593E-4
1,245	4,51565760046593E-4
1,25	4,82085760046593E-4
1,255	5,14515760046593E-4
1,26	5,45025760046593E-4
1,265	5,81265760046593E-4
1,27	6,15605760046593E-4
1,275	6,48025760046593E-4
1,28	6,70915760046593E-4
1,285	6,86175760046593E-4
1,29	6,88075760046593E-4
1,295	6,82355760046593E-4
1,3	6,61375760046593E-4
1,305	6,25135760046593E-4
1,31	5,79365760046593E-4
1,315	5,16415760046593E-4
1,32	4,47755760046593E-4
1,325	3,73365760046593E-4
1,33	3,12335760046593E-4
1,335	2,68465760046593E-4
1,34	2,43665760046593E-4
1,345	2,18875760046593E-4
1,35	2,11245760046593E-4
1,355	2,13145760046593E-4
1,36	2,20775760046593E-4
1,365	2,34135760046593E-4
1,37	2,47485760046593E-4
1,375	2,66555760046593E-4
1,38	2,83725760046593E-4
1,385	3,06605760046593E-4
1,39	3,31405760046593E-4
1,395	3,61925760046593E-4
1,4	3,90535760046593E-4
1,405	4,19145760046593E-4
1,41	4,47755760046593E-4
1,415	4,66825760046593E-4
1,42	4,72545760046593E-4
1,425	4,76365760046593E-4
1,43	4,68735760046593E-4
1,435	4,45845760046593E-4
1,44	4,07695760046593E-4
1,445	3,58105760046593E-4
1,45	3,00885760046593E-4
1,455	2,34135760046593E-4
1,46	1,75005760046593E-4
1,465	1,29225760046593E-4
1,47	9,68057600465931E-5
1,475	6,8195760046593E-5
1,48	5,67457600465933E-5
1,485	5,10257600465931E-5
1,49	5,10257600465931E-5
1,495	5,4835760046593E-5
1,5	6,05657600465932E-5
1,505	6,62857600465931E-5
1,51	7,20057600465929E-5
1,515	8,15457600465931E-5
1,52	9,10757600465933E-5
1,525	1,04435760046593E-4
1,53	1,17785760046593E-4
1,535	1,33045760046593E-4
1,54	1,50205760046593E-4
1,545	1,73095760046593E-4
1,55	1,95985760046593E-4
1,555	2,16965760046593E-4
1,56	2,32225760046593E-4
1,565	2,37945760046593E-4
1,57	2,30315760046593E-4
1,575	2,09335760046593E-4
1,58	1,73095760046593E-4
1,585	1,21595760046593E-4
1,59	7,0095760046593E-5
1,595	2,62257600465933E-5
1,6	3,34576004659302E-6
1,605	-4,28423995340677E-6
1,61	3,34576004659302E-6
1,615	2,43257600465933E-5
1,62	4,72157600465931E-5
1,625	7,58257600465932E-5
1,63	1,04435760046593E-4
1,635	1,23505760046593E-4
1,64	1,48295760046593E-4
1,645	1,71185760046593E-4
1,65	1,90265760046593E-4
1,655	2,11245760046593E-4
1,66	2,26505760046593E-4
1,665	2,43665760046593E-4
1,67	2,60835760046593E-4
1,675	2,76095760046593E-4
1,68	2,91355760046593E-4
1,685	3,04705760046593E-4
1,69	3,18055760046593E-4
1,695	3,29495760046593E-4
1,7	3,39035760046593E-4
1,705	3,46665760046593E-4
1,71	3,52385760046593E-4
1,715	3,58105760046593E-4
1,72	3,63835760046593E-4
1,725	3,69555760046593E-4
1,73	3,75275760046593E-4
1,735	3,75275760046593E-4
1,74	3,77185760046593E-4
1,745	3,79085760046593E-4
1,75	3,80995760046593E-4
1,755	3,82905760046593E-4
1,76	3,84815760046593E-4
1,765	3,88625760046593E-4
1,77	3,90535760046593E-4
1,775	3,94345760046593E-4
1,78	3,92445760046593E-4
1,785	3,98165760046593E-4
1,79	4,01975760046593E-4
1,795	4,01975760046593E-4
1,8	4,01975760046593E-4
1,805	4,01975760046593E-4
1,81	4,00065760046593E-4
1,815	4,00065760046593E-4
1,82	4,01975760046593E-4
1,825	4,00065760046593E-4
1,83	4,01975760046593E-4
1,835	4,03885760046593E-4
1,84	4,05795760046593E-4
1,845	4,07695760046593E-4
1,85	4,07695760046593E-4
1,855	4,07695760046593E-4
1,86	4,07695760046593E-4
1,865	4,07695760046593E-4
1,87	4,05795760046593E-4
1,875	4,05795760046593E-4
1,88	4,05795760046593E-4
1,885	4,03885760046593E-4
1,89	4,01975760046593E-4
1,895	4,01975760046593E-4
1,9	4,01975760046593E-4
1,905	4,01975760046593E-4
1,91	4,00065760046593E-4
1,915	3,96255760046593E-4
1,92	3,94345760046593E-4
1,925	3,90535760046593E-4
1,93	3,86715760046593E-4
1,935	3,84815760046593E-4
1,94	3,84815760046593E-4
1,945	3,82905760046593E-4
1,95	3,79085760046593E-4
1,955	3,79085760046593E-4
1,96	3,79085760046593E-4
1,965	3,77185760046593E-4
1,97	3,79085760046593E-4
1,975	3,80995760046593E-4
1,98	3,82905760046593E-4
1,985	3,80995760046593E-4
1,99	3,80995760046593E-4
1,995	3,80995760046593E-4
2	3,82905760046593E-4
2,005	3,82905760046593E-4
2,01	3,80995760046593E-4
2,015	3,80995760046593E-4
2,02	3,80995760046593E-4
2,025	3,80995760046593E-4
2,03	3,82905760046593E-4
2,035	3,84815760046593E-4
2,04	3,84815760046593E-4
2,045	3,84815760046593E-4
2,05	3,88625760046593E-4
2,055	3,90535760046593E-4
2,06	3,90535760046593E-4
2,065	3,88625760046593E-4
2,07	3,88625760046593E-4
2,075	3,88625760046593E-4
2,08	3,88625760046593E-4
2,085	3,86715760046593E-4
2,09	3,84815760046593E-4
2,095	3,82905760046593E-4
2,1	3,80995760046593E-4
2,105	3,80995760046593E-4
2,11	3,80995760046593E-4
2,115	3,79085760046593E-4
2,12	3,77185760046593E-4
2,125	3,77185760046593E-4
2,13	3,79085760046593E-4
2,135	3,79085760046593E-4
2,14	3,77185760046593E-4
2,145	3,77185760046593E-4
2,15	3,79085760046593E-4
2,155	3,80995760046593E-4
2,16	3,80995760046593E-4
2,165	3,80995760046593E-4
2,17	3,82905760046593E-4
2,175	3,84815760046593E-4
2,18	3,82905760046593E-4
2,185	3,82905760046593E-4
2,19	3,82905760046593E-4
2,195	3,82905760046593E-4
2,2	3,84815760046593E-4
2,205	3,84815760046593E-4
2,21	3,86715760046593E-4
2,215	3,88625760046593E-4
2,22	3,90535760046593E-4
2,225	3,92445760046593E-4
2,23	3,94345760046593E-4
2,235	3,92445760046593E-4
2,24	3,94345760046593E-4
2,245	3,96255760046593E-4
2,25	3,96255760046593E-4
2,255	3,94345760046593E-4
2,26	3,94345760046593E-4
2,265	3,94345760046593E-4
2,27	3,96255760046593E-4
2,275	3,96255760046593E-4
2,28	3,96255760046593E-4
2,285	3,94345760046593E-4
2,29	3,94345760046593E-4
2,295	3,92445760046593E-4
2,3	3,92445760046593E-4
2,305	3,88625760046593E-4
2,31	3,86715760046593E-4
2,315	3,88625760046593E-4
2,32	3,88625760046593E-4
2,325	3,90535760046593E-4
2,33	3,90535760046593E-4
2,335	3,92445760046593E-4
2,34	3,92445760046593E-4
2,345	3,90535760046593E-4
2,35	3,90535760046593E-4
2,355	3,88625760046593E-4
2,36	3,88625760046593E-4
2,365	3,86715760046593E-4
2,37	3,86715760046593E-4
2,375	3,86715760046593E-4
2,38	3,86715760046593E-4
2,385	3,88625760046593E-4
2,39	3,88625760046593E-4
2,395	3,88625760046593E-4
2,4	3,88625760046593E-4
2,405	3,88625760046593E-4
2,41	3,92445760046593E-4
2,415	3,92445760046593E-4
2,42	3,92445760046593E-4
2,425	3,92445760046593E-4
2,43	3,94345760046593E-4
2,435	3,94345760046593E-4
2,44	3,94345760046593E-4
2,445	3,98165760046593E-4
2,45	3,98165760046593E-4
2,455	3,98165760046593E-4
2,46	3,96255760046593E-4
2,465	3,98165760046593E-4
2,47	3,94345760046593E-4
2,475	3,90535760046593E-4
2,48	3,86715760046593E-4
2,485	3,82905760046593E-4
2,49	3,79085760046593E-4
2,495	3,75275760046593E-4
2,5	3,75275760046593E-4
2,505	3,75275760046593E-4
2,51	3,73365760046593E-4
2,515	3,67645760046593E-4
2,52	3,65735760046593E-4
2,525	3,65735760046593E-4
2,53	3,67645760046593E-4
2,535	3,67645760046593E-4
2,54	3,67645760046593E-4
2,545	3,69555760046593E-4
2,55	3,71455760046593E-4
2,555	3,73365760046593E-4
2,56	3,77185760046593E-4
2,565	3,80995760046593E-4
2,57	3,82905760046593E-4
2,575	3,84815760046593E-4
2,58	3,88625760046593E-4
2,585	3,86715760046593E-4
2,59	3,88625760046593E-4
2,595	3,90535760046593E-4
2,6	3,92445760046593E-4
2,605	3,94345760046593E-4
2,61	3,94345760046593E-4
2,615	3,96255760046593E-4
2,62	3,98165760046593E-4
2,625	4,00065760046593E-4
2,63	4,01975760046593E-4
2,635	4,03885760046593E-4
2,64	4,05795760046593E-4
2,645	4,07695760046593E-4
2,65	4,09605760046593E-4
2,655	4,11515760046593E-4
2,66	4,15325760046593E-4
2,665	4,17235760046593E-4
2,67	4,21055760046593E-4
2,675	4,22955760046593E-4
2,68	4,26775760046593E-4
2,685	4,30585760046593E-4
2,69	4,32495760046593E-4
2,695	4,32495760046593E-4
2,7	4,34405760046593E-4
2,705	4,36305760046593E-4
2,71	4,36305760046593E-4
2,715	4,36305760046593E-4
2,72	4,36305760046593E-4
2,725	4,34405760046593E-4
2,73	4,36305760046593E-4
2,735	4,34405760046593E-4
2,74	4,36305760046593E-4
2,745	4,40125760046593E-4
2,75	4,43935760046593E-4
2,755	4,45845760046593E-4
2,76	4,47755760046593E-4
2,765	4,51565760046593E-4
2,77	4,53475760046593E-4
2,775	4,55385760046593E-4
2,78	4,57295760046593E-4
2,785	4,59195760046593E-4
2,79	4,61105760046593E-4
2,795	4,63015760046593E-4
2,8	4,63015760046593E-4
2,805	4,64915760046593E-4
2,81	4,66825760046593E-4
2,815	4,66825760046593E-4
2,82	4,66825760046593E-4
2,825	4,68735760046593E-4
2,83	4,70645760046593E-4
2,835	4,72545760046593E-4
2,84	4,72545760046593E-4
2,845	4,72545760046593E-4
2,85	4,72545760046593E-4
2,855	4,68735760046593E-4
2,86	4,68735760046593E-4
2,865	4,70645760046593E-4
2,87	4,66825760046593E-4
2,875	4,66825760046593E-4
2,88	4,68735760046593E-4
2,885	4,68735760046593E-4
2,89	4,70645760046593E-4
2,895	4,70645760046593E-4
2,9	4,72545760046593E-4
2,905	4,74455760046593E-4
2,91	4,76365760046593E-4
2,915	4,76365760046593E-4
2,92	4,76365760046593E-4
2,925	4,76365760046593E-4
2,93	4,78275760046593E-4
2,935	4,78275760046593E-4
2,94	4,80175760046593E-4
2,945	4,82085760046593E-4
2,95	4,80175760046593E-4
2,955	4,80175760046593E-4
2,96	4,80175760046593E-4
2,965	4,80175760046593E-4
2,97	4,82085760046593E-4
2,975	4,82085760046593E-4
2,98	4,82085760046593E-4
2,985	4,83995760046593E-4
2,99	4,83995760046593E-4
2,995	4,83995760046593E-4
3	4,85905760046593E-4
3,005	4,82085760046593E-4
3,01	4,83995760046593E-4
3,015	4,85905760046593E-4
3,02	4,87805760046593E-4
3,025	4,87805760046593E-4
3,03	4,89715760046593E-4
3,035	4,87805760046593E-4
3,04	4,89715760046593E-4
3,045	4,91625760046593E-4
3,05	4,91625760046593E-4
3,055	4,91625760046593E-4
3,06	4,91625760046593E-4
3,065	4,93535760046593E-4
3,07	4,91625760046593E-4
3,075	4,93535760046593E-4
3,08	4,93535760046593E-4
3,085	4,93535760046593E-4
3,09	4,91625760046593E-4
3,095	4,93535760046593E-4
3,1	4,93535760046593E-4
3,105	4,89715760046593E-4
3,11	4,91625760046593E-4
3,115	4,91625760046593E-4
3,12	4,91625760046593E-4
3,125	4,91625760046593E-4
3,13	4,89715760046593E-4
3,135	4,85905760046593E-4
3,14	4,85905760046593E-4
3,145	4,85905760046593E-4
3,15	4,85905760046593E-4
3,155	4,83995760046593E-4
3,16	4,82085760046593E-4
3,165	4,82085760046593E-4
3,17	4,83995760046593E-4
3,175	4,83995760046593E-4
3,18	4,85905760046593E-4
3,185	4,85905760046593E-4
3,19	4,85905760046593E-4
3,195	4,87805760046593E-4
3,2	4,87805760046593E-4
3,205	4,87805760046593E-4
3,21	4,89715760046593E-4
3,215	4,91625760046593E-4
3,22	4,91625760046593E-4
3,225	4,91625760046593E-4
3,23	4,91625760046593E-4
3,235	4,89715760046593E-4
3,24	4,89715760046593E-4
3,245	4,91625760046593E-4
3,25	4,93535760046593E-4
3,255	4,95435760046593E-4
3,26	4,93535760046593E-4
3,265	4,93535760046593E-4
3,27	4,95435760046593E-4
3,275	4,97345760046593E-4
3,28	4,97345760046593E-4
3,285	4,97345760046593E-4
3,29	4,99255760046593E-4
3,295	5,01155760046593E-4
3,3	5,01155760046593E-4
3,305	5,03065760046593E-4
3,31	5,04975760046593E-4
3,315	5,08785760046593E-4
3,32	5,06885760046593E-4
3,325	5,08785760046593E-4
3,33	5,08785760046593E-4
3,335	5,10695760046593E-4
3,34	5,08785760046593E-4
3,345	5,06885760046593E-4
3,35	5,08785760046593E-4
3,355	5,10695760046593E-4
3,36	5,12605760046593E-4
3,365	5,12605760046593E-4
3,37	5,14515760046593E-4
3,375	5,12605760046593E-4
3,38	5,12605760046593E-4
3,385	5,14515760046593E-4
3,39	5,14515760046593E-4
3,395	5,16415760046593E-4
3,4	5,18325760046593E-4
3,405	5,20235760046593E-4
3,41	5,20235760046593E-4
3,415	5,20235760046593E-4
3,42	5,20235760046593E-4
3,425	5,24045760046593E-4
3,43	5,24045760046593E-4
3,435	5,25955760046593E-4
3,44	5,25955760046593E-4
3,445	5,24045760046593E-4
3,45	5,24045760046593E-4
3,455	5,25955760046593E-4
3,46	5,25955760046593E-4
3,465	5,27865760046593E-4
3,47	5,27865760046593E-4
3,475	5,24045760046593E-4
3,48	5,25955760046593E-4
3,485	5,25955760046593E-4
3,49	5,27865760046593E-4
3,495	5,27865760046593E-4
3,5	5,29765760046593E-4
3,505	5,27865760046593E-4
3,51	5,31675760046593E-4
3,515	5,33585760046593E-4
3,52	5,35495760046593E-4
3,525	5,37395760046593E-4
3,53	5,37395760046593E-4
3,535	5,37395760046593E-4
3,54	5,39305760046593E-4
3,545	5,41215760046593E-4
3,55	5,41215760046593E-4
3,555	5,39305760046593E-4
3,56	5,43125760046593E-4
3,565	5,43125760046593E-4
3,57	5,46935760046593E-4
3,575	5,46935760046593E-4
3,58	5,48845760046593E-4
3,585	5,50755760046593E-4
3,59	5,52655760046593E-4
3,595	5,54565760046593E-4
3,6	5,58375760046593E-4
3,605	5,60285760046593E-4
3,61	5,58375760046593E-4
3,615	5,56475760046593E-4
3,62	5,56475760046593E-4
3,625	5,54565760046593E-4
3,63	5,54565760046593E-4
3,635	5,56475760046593E-4
3,64	5,58375760046593E-4
3,645	5,60285760046593E-4
3,65	5,60285760046593E-4
3,655	5,60285760046593E-4
3,66	5,60285760046593E-4
3,665	5,58375760046593E-4
3,67	5,58375760046593E-4
3,675	5,58375760046593E-4
3,68	5,58375760046593E-4
3,685	5,58375760046593E-4
3,69	5,56475760046593E-4
3,695	5,54565760046593E-4
3,7	5,54565760046593E-4
3,705	5,50755760046593E-4
3,71	5,48845760046593E-4
3,715	5,48845760046593E-4
3,72	5,45025760046593E-4
3,725	5,43125760046593E-4
3,73	5,41215760046593E-4
3,735	5,41215760046593E-4
3,74	5,41215760046593E-4
3,745	5,41215760046593E-4
3,75	5,41215760046593E-4
3,755	5,39305760046593E-4
3,76	5,37395760046593E-4
3,765	5,33585760046593E-4
3,77	5,31675760046593E-4
3,775	5,31675760046593E-4
3,78	5,33585760046593E-4
3,785	5,33585760046593E-4
3,79	5,35495760046593E-4
3,795	5,35495760046593E-4
3,8	5,35495760046593E-4
3,805	5,35495760046593E-4
3,81	5,35495760046593E-4
3,815	5,35495760046593E-4
3,82	5,35495760046593E-4
3,825	5,31675760046593E-4
3,83	5,31675760046593E-4
3,835	5,29765760046593E-4
3,84	5,29765760046593E-4
3,845	5,31675760046593E-4
3,85	5,31675760046593E-4
3,855	5,31675760046593E-4
3,86	5,33585760046593E-4
3,865	5,33585760046593E-4
3,87	5,31675760046593E-4
3,875	5,31675760046593E-4
3,88	5,31675760046593E-4
3,885	5,29765760046593E-4
3,89	5,29765760046593E-4
3,895	5,27865760046593E-4
3,9	5,27865760046593E-4
3,905	5,22145760046593E-4
3,91	5,20235760046593E-4
3,915	5,16415760046593E-4
3,92	5,16415760046593E-4
3,925	5,14515760046593E-4
3,93	5,10695760046593E-4
3,935	5,06885760046593E-4
3,94	5,03065760046593E-4
3,945	4,97345760046593E-4
3,95	4,91625760046593E-4
3,955	4,87805760046593E-4
3,96	4,82085760046593E-4
3,965	4,76365760046593E-4
3,97	4,66825760046593E-4
3,975	4,57295760046593E-4
3,98	4,47755760046593E-4
3,985	4,42035760046593E-4
3,99	4,34405760046593E-4
3,995	4,26775760046593E-4
4	4,22955760046593E-4
4,005	4,17235760046593E-4
4,01	4,13425760046593E-4
4,015	4,09605760046593E-4
4,02	4,05795760046593E-4
4,025	4,03885760046593E-4
4,03	3,98165760046593E-4
4,035	3,92445760046593E-4
4,04	3,86715760046593E-4
4,045	3,82905760046593E-4
4,05	3,75275760046593E-4
4,055	3,65735760046593E-4
4,06	3,58105760046593E-4
4,065	3,50475760046593E-4
4,07	3,42845760046593E-4
4,075	3,37125760046593E-4
4,08	3,31405760046593E-4
4,085	3,31405760046593E-4
4,09	3,27595760046593E-4
4,095	3,19965760046593E-4
4,1	3,21865760046593E-4
4,105	3,19965760046593E-4
4,11	3,18055760046593E-4
4,115	3,16145760046593E-4
4,12	3,16145760046593E-4
4,125	3,16145760046593E-4
4,13	3,16145760046593E-4
4,135	3,14235760046593E-4
4,14	3,16145760046593E-4
4,145	3,16145760046593E-4
4,15	3,16145760046593E-4
4,155	3,16145760046593E-4
4,16	3,19965760046593E-4
4,165	3,21865760046593E-4
4,17	3,23775760046593E-4
4,175	3,25685760046593E-4
4,18	3,25685760046593E-4
4,185	3,27595760046593E-4
4,19	3,29495760046593E-4
4,195	3,31405760046593E-4
4,2	3,31405760046593E-4
4,205	3,33315760046593E-4
4,21	3,35225760046593E-4
4,215	3,35225760046593E-4
4,22	3,37125760046593E-4
4,225	3,35225760046593E-4
4,23	3,37125760046593E-4
4,235	3,40945760046593E-4
4,24	3,42845760046593E-4
4,245	3,44755760046593E-4
4,25	3,48575760046593E-4
4,255	3,54295760046593E-4
4,26	3,56205760046593E-4
4,265	3,61925760046593E-4
4,27	3,65735760046593E-4
4,275	3,69555760046593E-4
4,28	3,71455760046593E-4
4,285	3,77185760046593E-4
4,29	3,80995760046593E-4
4,295	3,82905760046593E-4
4,3	3,86715760046593E-4
4,305	3,88625760046593E-4
4,31	3,90535760046593E-4
4,315	3,92445760046593E-4
4,32	3,92445760046593E-4
4,325	3,94345760046593E-4
4,33	3,98165760046593E-4
4,335	4,00065760046593E-4
4,34	4,03885760046593E-4
4,345	4,05795760046593E-4
4,35	4,05795760046593E-4
4,355	4,07695760046593E-4
4,36	4,09605760046593E-4
4,365	4,11515760046593E-4
4,37	4,11515760046593E-4
4,375	4,13425760046593E-4
4,38	4,15325760046593E-4
4,385	4,19145760046593E-4
4,39	4,24865760046593E-4
4,395	4,26775760046593E-4
4,4	4,28685760046593E-4
4,405	4,28685760046593E-4
4,41	4,30585760046593E-4
4,415	4,30585760046593E-4
4,42	4,34405760046593E-4
4,425	4,34405760046593E-4
4,43	4,38215760046593E-4
4,435	4,43935760046593E-4
4,44	4,43935760046593E-4
4,445	4,49665760046593E-4
4,45	4,55385760046593E-4
4,455	4,57295760046593E-4
4,46	4,57295760046593E-4
4,465	4,59195760046593E-4
4,47	4,61105760046593E-4
4,475	4,63015760046593E-4
4,48	4,63015760046593E-4
4,485	4,64915760046593E-4
4,49	4,66825760046593E-4
4,495	4,70645760046593E-4
4,5	4,70645760046593E-4
4,505	4,74455760046593E-4
4,51	4,76365760046593E-4
4,515	4,80175760046593E-4
4,52	4,80175760046593E-4
4,525	4,82085760046593E-4
4,53	4,83995760046593E-4
4,535	4,85905760046593E-4
4,54	4,89715760046593E-4
4,545	4,89715760046593E-4
4,55	4,89715760046593E-4
4,555	4,91625760046593E-4
4,56	4,93535760046593E-4
4,565	4,95435760046593E-4
4,57	4,95435760046593E-4
4,575	4,97345760046593E-4
4,58	4,95435760046593E-4
4,585	4,95435760046593E-4
4,59	4,97345760046593E-4
4,595	4,97345760046593E-4
4,6	4,97345760046593E-4
4,605	4,97345760046593E-4
4,61	4,97345760046593E-4
4,615	4,95435760046593E-4
4,62	4,97345760046593E-4
4,625	4,97345760046593E-4
4,63	4,97345760046593E-4
4,635	4,97345760046593E-4
4,64	4,97345760046593E-4
4,645	4,99255760046593E-4
4,65	4,99255760046593E-4
4,655	5,01155760046593E-4
4,66	5,01155760046593E-4
4,665	5,03065760046593E-4
4,67	5,03065760046593E-4
4,675	5,03065760046593E-4
4,68	5,04975760046593E-4
4,685	5,03065760046593E-4
4,69	5,01155760046593E-4
4,695	4,97345760046593E-4
4,7	4,99255760046593E-4
4,705	5,01155760046593E-4
4,71	5,01155760046593E-4
4,715	4,99255760046593E-4
4,72	4,97345760046593E-4
4,725	4,97345760046593E-4
4,73	4,97345760046593E-4
4,735	4,99255760046593E-4
4,74	5,01155760046593E-4
4,745	5,01155760046593E-4
4,75	4,99255760046593E-4
4,755	4,99255760046593E-4
4,76	5,01155760046593E-4
4,765	4,99255760046593E-4
4,77	5,01155760046593E-4
4,775	4,97345760046593E-4
4,78	4,95435760046593E-4
4,785	4,95435760046593E-4
4,79	4,93535760046593E-4
4,795	4,93535760046593E-4
4,8	4,95435760046593E-4
4,805	4,93535760046593E-4
4,81	4,93535760046593E-4
4,815	4,95435760046593E-4
4,82	4,97345760046593E-4
4,825	4,99255760046593E-4
4,83	5,01155760046593E-4
4,835	5,01155760046593E-4
4,84	5,03065760046593E-4
4,845	5,04975760046593E-4
4,85	5,04975760046593E-4
4,855	5,04975760046593E-4
4,86	5,04975760046593E-4
4,865	5,03065760046593E-4
4,87	5,01155760046593E-4
4,875	5,01155760046593E-4
4,88	5,01155760046593E-4
4,885	4,99255760046593E-4
4,89	5,01155760046593E-4
4,895	5,01155760046593E-4
4,9	5,04975760046593E-4
4,905	5,03065760046593E-4
4,91	5,06885760046593E-4
4,915	5,06885760046593E-4
4,92	5,06885760046593E-4
4,925	5,08785760046593E-4
4,93	5,08785760046593E-4
4,935	5,08785760046593E-4
4,94	5,08785760046593E-4
4,945	5,12605760046593E-4
4,95	5,12605760046593E-4
4,955	5,14515760046593E-4
4,96	5,14515760046593E-4
4,965	5,18325760046593E-4
4,97	5,20235760046593E-4
4,975	5,20235760046593E-4
4,98	5,20235760046593E-4
4,985	5,22145760046593E-4
4,99	5,22145760046593E-4
4,995	5,22145760046593E-4
5	5,25955760046593E-4
5,005	5,25955760046593E-4
5,01	5,27865760046593E-4
5,015	5,29765760046593E-4
5,02	5,33585760046593E-4
5,025	5,33585760046593E-4
5,03	5,33585760046593E-4
5,035	5,35495760046593E-4
5,04	5,39305760046593E-4
5,045	5,41215760046593E-4
5,05	5,41215760046593E-4
5,055	5,43125760046593E-4
5,06	5,45025760046593E-4
5,065	5,45025760046593E-4
5,07	5,45025760046593E-4
5,075	5,45025760046593E-4
5,08	5,45025760046593E-4
5,085	5,43125760046593E-4
5,09	5,43125760046593E-4
5,095	5,43125760046593E-4
5,1	5,41215760046593E-4
5,105	5,45025760046593E-4
5,11	5,46935760046593E-4
5,115	5,45025760046593E-4
5,12	5,45025760046593E-4
5,125	5,43125760046593E-4
5,13	5,43125760046593E-4
5,135	5,41215760046593E-4
5,14	5,41215760046593E-4
5,145	5,39305760046593E-4
5,15	5,41215760046593E-4
5,155	5,39305760046593E-4
5,16	5,39305760046593E-4
5,165	5,39305760046593E-4
5,17	5,41215760046593E-4
5,175	5,41215760046593E-4
5,18	5,43125760046593E-4
5,185	5,45025760046593E-4
5,19	5,45025760046593E-4
5,195	5,46935760046593E-4
5,2	5,48845760046593E-4
5,205	5,46935760046593E-4
5,21	5,48845760046593E-4
5,215	5,48845760046593E-4
5,22	5,48845760046593E-4
5,225	5,50755760046593E-4
5,23	5,50755760046593E-4
5,235	5,52655760046593E-4
5,24	5,54565760046593E-4
5,245	5,54565760046593E-4
5,25	5,56475760046593E-4
5,255	5,54565760046593E-4
5,26	5,56475760046593E-4
5,265	5,58375760046593E-4
5,27	5,58375760046593E-4
5,275	5,62195760046593E-4
5,28	5,62195760046593E-4
5,285	5,66005760046593E-4
5,29	5,67915760046593E-4
5,295	5,67915760046593E-4
5,3	5,71735760046593E-4
5,305	5,71735760046593E-4
5,31	5,73635760046593E-4
5,315	5,73635760046593E-4
5,32	5,75545760046593E-4
5,325	5,79365760046593E-4
5,33	5,79365760046593E-4
5,335	5,79365760046593E-4
5,34	5,81265760046593E-4
5,345	5,83175760046593E-4
5,35	5,85085760046593E-4
5,355	5,86995760046593E-4
5,36	5,86995760046593E-4
5,365	5,90805760046593E-4
5,37	5,90805760046593E-4
5,375	5,92715760046593E-4
5,38	5,94615760046593E-4
5,385	5,94615760046593E-4
5,39	5,94615760046593E-4
5,395	5,96525760046593E-4
5,4	5,98435760046593E-4
5,405	6,00345760046593E-4
5,41	5,98435760046593E-4
5,415	5,98435760046593E-4
5,42	5,96525760046593E-4
5,425	5,96525760046593E-4
5,43	5,96525760046593E-4
5,435	5,96525760046593E-4
5,44	6,00345760046593E-4
5,445	6,00345760046593E-4
5,45	5,98435760046593E-4
5,455	6,00345760046593E-4
5,46	6,02245760046593E-4
5,465	6,04155760046593E-4
5,47	6,02245760046593E-4
5,475	6,02245760046593E-4
5,48	6,04155760046593E-4
5,485	6,06065760046593E-4
5,49	6,06065760046593E-4
5,495	6,09875760046593E-4
5,5	6,11785760046593E-4
5,505	6,13695760046593E-4
5,51	6,17505760046593E-4
5,515	6,17505760046593E-4
5,52	6,19415760046593E-4
5,525	6,19415760046593E-4
5,53	6,21325760046593E-4
5,535	6,23225760046593E-4
5,54	6,23225760046593E-4
5,545	6,23225760046593E-4
5,55	6,23225760046593E-4
5,555	6,25135760046593E-4
5,56	6,25135760046593E-4
5,565	6,27045760046593E-4
5,57	6,28955760046593E-4
5,575	6,28955760046593E-4
5,58	6,30855760046593E-4
5,585	6,30855760046593E-4
5,59	6,32765760046593E-4
5,595	6,34675760046593E-4
5,6	6,36585760046593E-4
5,605	6,36585760046593E-4
5,61	6,38485760046593E-4
5,615	6,38485760046593E-4
5,62	6,40395760046593E-4
5,625	6,40395760046593E-4
5,63	6,42305760046593E-4
5,635	6,44215760046593E-4
5,64	6,42305760046593E-4
5,645	6,42305760046593E-4
5,65	6,42305760046593E-4
5,655	6,44215760046593E-4
5,66	6,44215760046593E-4
5,665	6,48025760046593E-4
5,67	6,49935760046593E-4
5,675	6,51845760046593E-4
5,68	6,53745760046593E-4
5,685	6,55655760046593E-4
5,69	6,55655760046593E-4
5,695	6,57565760046593E-4
5,7	6,59465760046593E-4
5,705	6,61375760046593E-4
5,71	6,63285760046593E-4
5,715	6,65195760046593E-4
5,72	6,65195760046593E-4
5,725	6,65195760046593E-4
5,73	6,65195760046593E-4
5,735	6,63285760046593E-4
5,74	6,63285760046593E-4
5,745	6,63285760046593E-4
5,75	6,61375760046593E-4
5,755	6,59465760046593E-4
5,76	6,55655760046593E-4
5,765	6,49935760046593E-4
5,77	6,42305760046593E-4
5,775	6,34675760046593E-4
5,78	6,28955760046593E-4
5,785	6,25135760046593E-4
5,79	6,27045760046593E-4
5,795	6,38485760046593E-4
5,8	6,59465760046593E-4
5,805	6,95705760046593E-4
5,81	7,33855760046593E-4
5,815	7,62465760046593E-4
5,82	7,79635760046593E-4
5,825	7,98705760046593E-4
5,83	8,15875760046593E-4
5,835	8,21595760046593E-4
5,84	8,10145760046593E-4
5,845	7,91075760046593E-4
5,85	7,72005760046593E-4
5,855	7,51025760046593E-4
5,86	7,33855760046593E-4
5,865	7,22415760046593E-4
5,87	7,18595760046593E-4
5,875	7,18595760046593E-4
5,88	7,22415760046593E-4
5,885	7,26225760046593E-4
5,89	7,30045760046593E-4
5,895	7,33855760046593E-4
5,9	7,39575760046593E-4
5,905	7,43395760046593E-4
5,91	7,45305760046593E-4
5,915	7,49115760046593E-4
5,92	7,54835760046593E-4
5,925	7,62465760046593E-4
5,93	7,75815760046593E-4
5,935	7,92985760046593E-4
5,94	8,19685760046593E-4
5,945	8,63555760046593E-4
5,95	9,36035760046593E-4
5,955	0,00106191576004659
5,96	0,00126219576004659
5,965	0,00157118576004659
5,97	0,00194120576004659
5,975	0,00218153576004659
5,98	0,00226927576004659
5,985	0,00229597576004659
5,99	0,00230169576004659
5,995	0,00230169576004659
6	0,00230169576004659
6,005	0,00230169576004659
6,01	0,00230169576004659
6,015	0,00230360576004659
6,02	0,00230360576004659
6,025	0,00230360576004659
6,03	0,00230360576004659
6,035	0,00230360576004659
6,04	0,00230551576004659
6,045	0,00230551576004659
6,05	0,00230360576004659
6,055	0,00230169576004659
6,06	0,00230169576004659
6,065	0,00229788576004659
6,07	0,00229788576004659
6,075	0,00229788576004659
6,08	0,00229597576004659
6,085	0,00229597576004659
6,09	0,00229597576004659
6,095	0,00229406576004659
6,1	0,00229406576004659
6,105	0,00229406576004659
6,11	0,00229215576004659
6,115	0,00229025576004659
6,12	0,00229025576004659
6,125	0,00228834576004659
6,13	0,00228643576004659
6,135	0,00228453576004659
6,14	0,00228453576004659
6,145	0,00228262576004659
6,15	0,00228071576004659
6,155	0,00228071576004659
6,16	0,00228071576004659
6,165	0,00228262576004659
6,17	0,00228453576004659
6,175	0,00228453576004659
6,18	0,00228643576004659
6,185	0,00228643576004659
6,19	0,00228643576004659
6,195	0,00228643576004659
6,2	0,00228834576004659
6,205	0,00228834576004659
6,21	0,00228834576004659
6,215	0,00229025576004659
6,22	0,00229025576004659
6,225	0,00229025576004659
6,23	0,00229215576004659
6,235	0,00229215576004659
6,24	0,00229406576004659
6,245	0,00229597576004659
6,25	0,00229597576004659
6,255	0,00229788576004659
6,26	0,00229788576004659
6,265	0,00229788576004659
6,27	0,00229788576004659
6,275	0,00229978576004659
6,28	0,00229978576004659
6,285	0,00230169576004659
6,29	0,00230169576004659
6,295	0,00230169576004659
6,3	0,00230360576004659
6,305	0,00230360576004659
6,31	0,00230360576004659
6,315	0,00230551576004659
6,32	0,00230741576004659
6,325	0,00230741576004659
6,33	0,00230932576004659
6,335	0,00230932576004659
6,34	0,00230932576004659
6,345	0,00230932576004659
6,35	0,00230932576004659
6,355	0,00230932576004659
6,36	0,00230932576004659
6,365	0,00230932576004659
6,37	0,00230932576004659
6,375	0,00230741576004659
6,38	0,00230932576004659
6,385	0,00230932576004659
6,39	0,00231123576004659
6,395	0,00231123576004659
6,4	0,00231314576004659
6,405	0,00231314576004659
6,41	0,00231314576004659
6,415	0,00231504576004659
6,42	0,00231695576004659
6,425	0,00232077576004659
6,43	0,00232267576004659
6,435	0,00232458576004659
6,44	0,00232458576004659
6,445	0,00232458576004659
6,45	0,00232458576004659
6,455	0,00232649576004659
6,46	0,00232649576004659
6,465	0,00232649576004659
6,47	0,00232649576004659
6,475	0,00232649576004659
6,48	0,00232649576004659
6,485	0,00232458576004659
6,49	0,00232458576004659
6,495	0,00232458576004659
6,5	0,00232458576004659
6,505	0,00232458576004659
6,51	0,00232458576004659
6,515	0,00232649576004659
6,52	0,00232649576004659
6,525	0,00232649576004659
6,53	0,00232839576004659
6,535	0,00232839576004659
6,54	0,00232839576004659
6,545	0,00232839576004659
6,55	0,00232839576004659
6,555	0,00233030576004659
6,56	0,00233221576004659
6,565	0,00233221576004659
6,57	0,00233412576004659
6,575	0,00233412576004659
6,58	0,00233602576004659
6,585	0,00233602576004659
6,59	0,00233602576004659
6,595	0,00233602576004659
6,6	0,00233602576004659
6,605	0,00233602576004659
6,61	0,00233793576004659
6,615	0,00233793576004659
6,62	0,00233793576004659
6,625	0,00233793576004659
6,63	0,00233793576004659
6,635	0,00233602576004659
6,64	0,00233602576004659
6,645	0,00233602576004659
6,65	0,00233412576004659
6,655	0,00233602576004659
6,66	0,00233602576004659
6,665	0,00233602576004659
6,67	0,00233602576004659
6,675	0,00233412576004659
6,68	0,00233412576004659
6,685	0,00233412576004659
6,69	0,00233412576004659
6,695	0,00233221576004659
6,7	0,00233221576004659
6,705	0,00233221576004659
6,71	0,00233030576004659
6,715	0,00233030576004659
6,72	0,00233030576004659
6,725	0,00233030576004659
6,73	0,00233030576004659
6,735	0,00233030576004659
6,74	0,00232839576004659
6,745	0,00232649576004659
6,75	0,00232458576004659
6,755	0,00232267576004659
6,76	0,00232267576004659
6,765	0,00232077576004659
6,77	0,00232077576004659
6,775	0,00231886576004659
6,78	0,00231695576004659
6,785	0,00231695576004659
6,79	0,00231504576004659
6,795	0,00231123576004659
6,8	0,00230932576004659
6,805	0,00230741576004659
6,81	0,00230551576004659
6,815	0,00230551576004659
6,82	0,00230551576004659
6,825	0,00230551576004659
6,83	0,00230551576004659
6,835	0,00230551576004659
6,84	0,00230360576004659
6,845	0,00230551576004659
6,85	0,00230551576004659
6,855	0,00230551576004659
6,86	0,00230551576004659
6,865	0,00230360576004659
6,87	0,00230360576004659
6,875	0,00230360576004659
6,88	0,00230360576004659
6,885	0,00230360576004659
6,89	0,00230360576004659
6,895	0,00230360576004659
6,9	0,00230360576004659
6,905	0,00230360576004659
6,91	0,00230360576004659
6,915	0,00230360576004659
6,92	0,00230551576004659
6,925	0,00230551576004659
6,93	0,00230551576004659
6,935	0,00230551576004659
6,94	0,00230741576004659
6,945	0,00230741576004659
6,95	0,00230741576004659
6,955	0,00230932576004659
6,96	0,00230932576004659
6,965	0,00230932576004659
6,97	0,00231123576004659
6,975	0,00231314576004659
6,98	0,00231314576004659
6,985	0,00231504576004659
6,99	0,00231504576004659
6,995	0,00231504576004659
7	0,00231695576004659
7,005	0,00231886576004659
7,01	0,00232077576004659
7,015	0,00232077576004659
7,02	0,00232267576004659
7,025	0,00232267576004659
7,03	0,00232267576004659
7,035	0,00232458576004659
7,04	0,00232458576004659
7,045	0,00232649576004659
7,05	0,00232649576004659
7,055	0,00232649576004659
7,06	0,00232649576004659
7,065	0,00232649576004659
7,07	0,00232458576004659
7,075	0,00232458576004659
7,08	0,00232458576004659
7,085	0,00232649576004659
7,09	0,00232649576004659
7,095	0,00232649576004659
7,1	0,00232649576004659
7,105	0,00232839576004659
7,11	0,00232839576004659
7,115	0,00232839576004659
7,12	0,00233030576004659
7,125	0,00233030576004659
7,13	0,00233030576004659
7,135	0,00233221576004659
7,14	0,00233412576004659
7,145	0,00233412576004659
7,15	0,00233602576004659
7,155	0,00233793576004659
7,16	0,00233793576004659
7,165	0,00233793576004659
7,17	0,00233984576004659
7,175	0,00233793576004659
7,18	0,00233984576004659
7,185	0,00233984576004659
7,19	0,00233793576004659
7,195	0,00233793576004659
7,2	0,00233793576004659
7,205	0,00233984576004659
7,21	0,00234175576004659
7,215	0,00234175576004659
7,22	0,00234365576004659
7,225	0,00234556576004659
7,23	0,00234747576004659
7,235	0,00234747576004659
7,24	0,00234938576004659
7,245	0,00235128576004659
7,25	0,00235319576004659
