Radial coordinate	delta n
mm	
	213Bi-Ge   
-7,25	-3,81E-6
-7,245	-7,63E-6
-7,24	-9,54E-6
-7,235	-9,54E-6
-7,23	-9,54E-6
-7,225	-1,144E-5
-7,22	-1,144E-5
-7,215	-1,144E-5
-7,21	-9,54E-6
-7,205	-9,54E-6
-7,2	-7,63E-6
-7,195	-7,63E-6
-7,19	-5,72E-6
-7,185	-5,72E-6
-7,18	-3,81E-6
-7,175	-1,91E-6
-7,17	-1,91E-6
-7,165	-1,91E-6
-7,16	-1,91E-6
-7,155	-1,91E-6
-7,15	-3,81E-6
-7,145	-3,81E-6
-7,14	-3,81E-6
-7,135	-5,72E-6
-7,13	-5,72E-6
-7,125	-5,72E-6
-7,12	-7,63E-6
-7,115	-7,63E-6
-7,11	-9,54E-6
-7,105	-9,54E-6
-7,1	-1,144E-5
-7,095	-1,144E-5
-7,09	-1,144E-5
-7,085	-1,335E-5
-7,08	-1,526E-5
-7,075	-1,526E-5
-7,07	-1,717E-5
-7,065	-1,907E-5
-7,06	-1,907E-5
-7,055	-1,907E-5
-7,05	-1,907E-5
-7,045	-1,907E-5
-7,04	-2,098E-5
-7,035	-2,289E-5
-7,03	-2,48E-5
-7,025	-2,48E-5
-7,02	-2,67E-5
-7,015	-2,861E-5
-7,01	-2,861E-5
-7,005	-3,052E-5
-7	-3,242E-5
-6,995	-3,242E-5
-6,99	-3,433E-5
-6,985	-3,624E-5
-6,98	-3,815E-5
-6,975	-4,005E-5
-6,97	-4,196E-5
-6,965	-4,387E-5
-6,96	-4,578E-5
-6,955	-4,578E-5
-6,95	-4,768E-5
-6,945	-4,768E-5
-6,94	-4,768E-5
-6,935	-4,959E-5
-6,93	-4,959E-5
-6,925	-5,15E-5
-6,92	-5,15E-5
-6,915	-5,15E-5
-6,91	-5,15E-5
-6,905	-5,341E-5
-6,9	-5,722E-5
-6,895	-5,722E-5
-6,89	-5,913E-5
-6,885	-6,104E-5
-6,88	-6,294E-5
-6,875	-6,485E-5
-6,87	-6,676E-5
-6,865	-6,676E-5
-6,86	-6,866E-5
-6,855	-7,057E-5
-6,85	-7,248E-5
-6,845	-7,439E-5
-6,84	-7,629E-5
-6,835	-8,011E-5
-6,83	-8,011E-5
-6,825	-8,202E-5
-6,82	-8,202E-5
-6,815	-8,392E-5
-6,81	-8,583E-5
-6,805	-8,583E-5
-6,8	-8,583E-5
-6,795	-8,774E-5
-6,79	-8,965E-5
-6,785	-8,965E-5
-6,78	-8,965E-5
-6,775	-9,155E-5
-6,77	-9,155E-5
-6,765	-9,155E-5
-6,76	-9,346E-5
-6,755	-9,346E-5
-6,75	-9,537E-5
-6,745	-9,537E-5
-6,74	-9,537E-5
-6,735	-9,727E-5
-6,73	-9,918E-5
-6,725	-1,0109E-4
-6,72	-1,03E-4
-6,715	-1,049E-4
-6,71	-1,0681E-4
-6,705	-1,0681E-4
-6,7	-1,0872E-4
-6,695	-1,1063E-4
-6,69	-1,1253E-4
-6,685	-1,1253E-4
-6,68	-1,1444E-4
-6,675	-1,1635E-4
-6,67	-1,1635E-4
-6,665	-1,1635E-4
-6,66	-1,1635E-4
-6,655	-1,1826E-4
-6,65	-1,1826E-4
-6,645	-1,2016E-4
-6,64	-1,2207E-4
-6,635	-1,2207E-4
-6,63	-1,2207E-4
-6,625	-1,2398E-4
-6,62	-1,2398E-4
-6,615	-1,2398E-4
-6,61	-1,2398E-4
-6,605	-1,2398E-4
-6,6	-1,2398E-4
-6,595	-1,2398E-4
-6,59	-1,2398E-4
-6,585	-1,2398E-4
-6,58	-1,2207E-4
-6,575	-1,2016E-4
-6,57	-1,2016E-4
-6,565	-1,1826E-4
-6,56	-1,1635E-4
-6,555	-1,1444E-4
-6,55	-1,1253E-4
-6,545	-1,1063E-4
-6,54	-1,0872E-4
-6,535	-1,0681E-4
-6,53	-1,049E-4
-6,525	-1,03E-4
-6,52	-1,0109E-4
-6,515	-1,0109E-4
-6,51	-9,918E-5
-6,505	-9,727E-5
-6,5	-9,537E-5
-6,495	-9,346E-5
-6,49	-9,155E-5
-6,485	-8,965E-5
-6,48	-8,774E-5
-6,475	-8,774E-5
-6,47	-8,583E-5
-6,465	-8,583E-5
-6,46	-8,583E-5
-6,455	-8,583E-5
-6,45	-8,583E-5
-6,445	-8,583E-5
-6,44	-8,392E-5
-6,435	-8,583E-5
-6,43	-8,583E-5
-6,425	-8,583E-5
-6,42	-8,774E-5
-6,415	-8,774E-5
-6,41	-8,774E-5
-6,405	-8,774E-5
-6,4	-8,965E-5
-6,395	-9,155E-5
-6,39	-9,346E-5
-6,385	-9,346E-5
-6,38	-9,537E-5
-6,375	-9,727E-5
-6,37	-9,727E-5
-6,365	-1,0109E-4
-6,36	-1,03E-4
-6,355	-1,0681E-4
-6,35	-1,0681E-4
-6,345	-1,1063E-4
-6,34	-1,1063E-4
-6,335	-1,1444E-4
-6,33	-1,1826E-4
-6,325	-1,1826E-4
-6,32	-1,2016E-4
-6,315	-1,2398E-4
-6,31	-1,2589E-4
-6,305	-1,297E-4
-6,3	-1,3161E-4
-6,295	-1,3351E-4
-6,29	-1,3542E-4
-6,285	-1,3924E-4
-6,28	-1,4305E-4
-6,275	-1,4496E-4
-6,27	-1,4687E-4
-6,265	-1,4877E-4
-6,26	-1,5068E-4
-6,255	-1,5259E-4
-6,25	-1,545E-4
-6,245	-1,545E-4
-6,24	-1,564E-4
-6,235	-1,5831E-4
-6,23	-1,5831E-4
-6,225	-1,6022E-4
-6,22	-1,6212E-4
-6,215	-1,6403E-4
-6,21	-1,6785E-4
-6,205	-1,6975E-4
-6,2	-1,7166E-4
-6,195	-1,7357E-4
-6,19	-1,7738E-4
-6,185	-1,7929E-4
-6,18	-1,812E-4
-6,175	-1,8311E-4
-6,17	-1,8501E-4
-6,165	-1,8692E-4
-6,16	-1,8883E-4
-6,155	-1,9073E-4
-6,15	-1,9455E-4
-6,145	-1,9646E-4
-6,14	-1,9836E-4
-6,135	-2,0027E-4
-6,13	-2,0409E-4
-6,125	-2,0599E-4
-6,12	-2,079E-4
-6,115	-2,0981E-4
-6,11	-2,1172E-4
-6,105	-2,1362E-4
-6,1	-2,1553E-4
-6,095	-2,1744E-4
-6,09	-2,1935E-4
-6,085	-2,2125E-4
-6,08	-2,2316E-4
-6,075	-2,2507E-4
-6,07	-2,2697E-4
-6,065	-2,3079E-4
-6,06	-2,327E-4
-6,055	-2,3651E-4
-6,05	-2,3651E-4
-6,045	-2,4033E-4
-6,04	-2,4223E-4
-6,035	-2,4605E-4
-6,03	-2,4796E-4
-6,025	-2,5177E-4
-6,02	-2,5368E-4
-6,015	-2,5749E-4
-6,01	-2,6131E-4
-6,005	-2,6512E-4
-6	-2,6894E-4
-5,995	-2,7275E-4
-5,99	-2,7466E-4
-5,985	-2,7657E-4
-5,98	-2,8038E-4
-5,975	-2,8229E-4
-5,97	-2,8419E-4
-5,965	-2,8419E-4
-5,96	-2,8419E-4
-5,955	-2,861E-4
-5,95	-3,0327E-4
-5,945	-3,4523E-4
-5,94	-4,5204E-4
-5,935	-6,9237E-4
-5,93	-9,7275E-4
-5,925	-0,00117302
-5,92	-0,00129318
-5,915	-0,00136185
-5,91	-0,0014019
-5,905	-0,00142479
-5,9	-0,00143051
-5,895	-0,00143051
-5,89	-0,0014267
-5,885	-0,00142479
-5,88	-0,00142288
-5,875	-0,00142288
-5,87	-0,00142097
-5,865	-0,00141907
-5,86	-0,00141525
-5,855	-0,00141335
-5,85	-0,00141144
-5,845	-0,00141144
-5,84	-0,00141144
-5,835	-0,00140953
-5,83	-0,00140762
-5,825	-0,00140762
-5,82	-0,00140762
-5,815	-0,00140762
-5,81	-0,00140572
-5,805	-0,00140572
-5,8	-0,00140572
-5,795	-0,00140762
-5,79	-0,00140762
-5,785	-0,00140953
-5,78	-0,00141144
-5,775	-0,00141335
-5,77	-0,00141525
-5,765	-0,00141716
-5,76	-0,00141907
-5,755	-0,00142097
-5,75	-0,00142097
-5,745	-0,00142288
-5,74	-0,00142288
-5,735	-0,00142479
-5,73	-0,00142479
-5,725	-0,0014267
-5,72	-0,0014267
-5,715	-0,0014286
-5,71	-0,0014286
-5,705	-0,00143051
-5,7	-0,0014286
-5,695	-0,0014286
-5,69	-0,0014286
-5,685	-0,00143051
-5,68	-0,00143242
-5,675	-0,00143433
-5,67	-0,00143623
-5,665	-0,00143623
-5,66	-0,00143814
-5,655	-0,00143814
-5,65	-0,00144005
-5,645	-0,00144005
-5,64	-0,00144196
-5,635	-0,00144386
-5,63	-0,00144386
-5,625	-0,00144577
-5,62	-0,00144577
-5,615	-0,00144768
-5,61	-0,00144768
-5,605	-0,00144768
-5,6	-0,00144768
-5,595	-0,00144768
-5,59	-0,00144577
-5,585	-0,00144768
-5,58	-0,00144577
-5,575	-0,00144577
-5,57	-0,00144577
-5,565	-0,00144386
-5,56	-0,00144386
-5,555	-0,00144005
-5,55	-0,00143814
-5,545	-0,00143433
-5,54	-0,00143051
-5,535	-0,0014267
-5,53	-0,00142288
-5,525	-0,00141907
-5,52	-0,00141525
-5,515	-0,00141335
-5,51	-0,00140953
-5,505	-0,00140572
-5,5	-0,0014019
-5,495	-0,00139809
-5,49	-0,00139427
-5,485	-0,00139046
-5,48	-0,00138855
-5,475	-0,00138664
-5,47	-0,00138474
-5,465	-0,00138283
-5,46	-0,00138092
-5,455	-0,00137901
-5,45	-0,00137711
-5,445	-0,0013752
-5,44	-0,00137138
-5,435	-0,00137138
-5,43	-0,00136757
-5,425	-0,00136566
-5,42	-0,00136375
-5,415	-0,00136185
-5,41	-0,00135994
-5,405	-0,00135612
-5,4	-0,00135422
-5,395	-0,00135422
-5,39	-0,00135231
-5,385	-0,00135231
-5,38	-0,0013504
-5,375	-0,0013485
-5,37	-0,0013485
-5,365	-0,0013485
-5,36	-0,0013485
-5,355	-0,00134659
-5,35	-0,00134468
-5,345	-0,00134277
-5,34	-0,00134087
-5,335	-0,00134087
-5,33	-0,00133705
-5,325	-0,00133514
-5,32	-0,00133324
-5,315	-0,00133324
-5,31	-0,00133133
-5,305	-0,00132942
-5,3	-0,00132942
-5,295	-0,00132942
-5,29	-0,00132942
-5,285	-0,00132942
-5,28	-0,00132942
-5,275	-0,00132942
-5,27	-0,00132942
-5,265	-0,00132751
-5,26	-0,00132561
-5,255	-0,00132561
-5,25	-0,0013237
-5,245	-0,0013237
-5,24	-0,00132179
-5,235	-0,00132179
-5,23	-0,00132179
-5,225	-0,00132179
-5,22	-0,00132179
-5,215	-0,00132179
-5,21	-0,00132179
-5,205	-0,0013237
-5,2	-0,00132179
-5,195	-0,00132179
-5,19	-0,0013237
-5,185	-0,00132179
-5,18	-0,0013237
-5,175	-0,0013237
-5,17	-0,0013237
-5,165	-0,00132561
-5,16	-0,0013237
-5,155	-0,00132561
-5,15	-0,00132561
-5,145	-0,00132751
-5,14	-0,00132942
-5,135	-0,00133133
-5,13	-0,00133324
-5,125	-0,00133324
-5,12	-0,00133514
-5,115	-0,00133705
-5,11	-0,00133514
-5,105	-0,00133705
-5,1	-0,00133896
-5,095	-0,00133896
-5,09	-0,00133896
-5,085	-0,00134087
-5,08	-0,00134087
-5,075	-0,00134277
-5,07	-0,00134277
-5,065	-0,00134277
-5,06	-0,00134087
-5,055	-0,00134277
-5,05	-0,00134277
-5,045	-0,00134277
-5,04	-0,00134468
-5,035	-0,00134468
-5,03	-0,00134468
-5,025	-0,00134468
-5,02	-0,00134468
-5,015	-0,00134468
-5,01	-0,00134659
-5,005	-0,00134659
-5	-0,00134659
-4,995	-0,0013485
-4,99	-0,0013485
-4,985	-0,0013485
-4,98	-0,0013485
-4,975	-0,0013504
-4,97	-0,0013485
-4,965	-0,0013485
-4,96	-0,0013504
-4,955	-0,0013504
-4,95	-0,0013504
-4,945	-0,0013504
-4,94	-0,0013504
-4,935	-0,0013504
-4,93	-0,0013504
-4,925	-0,0013504
-4,92	-0,0013504
-4,915	-0,0013504
-4,91	-0,00135231
-4,905	-0,00135422
-4,9	-0,00135231
-4,895	-0,00135422
-4,89	-0,00135422
-4,885	-0,00135422
-4,88	-0,00135422
-4,875	-0,00135612
-4,87	-0,00135612
-4,865	-0,00135422
-4,86	-0,00135422
-4,855	-0,00135612
-4,85	-0,00135612
-4,845	-0,00135803
-4,84	-0,00135994
-4,835	-0,00135994
-4,83	-0,00135994
-4,825	-0,00136185
-4,82	-0,00136375
-4,815	-0,00136375
-4,81	-0,00136375
-4,805	-0,00136375
-4,8	-0,00136185
-4,795	-0,00136185
-4,79	-0,00136185
-4,785	-0,00136375
-4,78	-0,00136375
-4,775	-0,00136185
-4,77	-0,00135994
-4,765	-0,00136185
-4,76	-0,00136185
-4,755	-0,00136375
-4,75	-0,00136375
-4,745	-0,00136185
-4,74	-0,00136185
-4,735	-0,00136185
-4,73	-0,00136375
-4,725	-0,00136185
-4,72	-0,00136185
-4,715	-0,00136185
-4,71	-0,00136185
-4,705	-0,00136375
-4,7	-0,00136566
-4,695	-0,00136757
-4,69	-0,00136566
-4,685	-0,00136948
-4,68	-0,00137138
-4,675	-0,00137329
-4,67	-0,00137329
-4,665	-0,0013752
-4,66	-0,0013752
-4,655	-0,0013752
-4,65	-0,00137711
-4,645	-0,00137901
-4,64	-0,00137901
-4,635	-0,00137901
-4,63	-0,00137901
-4,625	-0,00137901
-4,62	-0,00138092
-4,615	-0,00138283
-4,61	-0,00138474
-4,605	-0,00138474
-4,6	-0,00138474
-4,595	-0,00138664
-4,59	-0,00138664
-4,585	-0,00138855
-4,58	-0,00139046
-4,575	-0,00139046
-4,57	-0,00139236
-4,565	-0,00139236
-4,56	-0,00139618
-4,555	-0,00139618
-4,55	-0,00139809
-4,545	-0,00139999
-4,54	-0,00139999
-4,535	-0,0014019
-4,53	-0,0014019
-4,525	-0,0014019
-4,52	-0,0014019
-4,515	-0,0014019
-4,51	-0,00140381
-4,505	-0,00140381
-4,5	-0,00140572
-4,495	-0,00140572
-4,49	-0,00140572
-4,485	-0,00140762
-4,48	-0,00140762
-4,475	-0,00140572
-4,47	-0,00140381
-4,465	-0,00140381
-4,46	-0,00140381
-4,455	-0,0014019
-4,45	-0,00139999
-4,445	-0,0014019
-4,44	-0,00140381
-4,435	-0,0014019
-4,43	-0,0014019
-4,425	-0,00140381
-4,42	-0,00140381
-4,415	-0,00140572
-4,41	-0,00140572
-4,405	-0,00140762
-4,4	-0,00140762
-4,395	-0,00140762
-4,39	-0,00140762
-4,385	-0,00140953
-4,38	-0,00140762
-4,375	-0,00140572
-4,37	-0,00140572
-4,365	-0,00140572
-4,36	-0,00140381
-4,355	-0,00140572
-4,35	-0,00140381
-4,345	-0,0014019
-4,34	-0,00139999
-4,335	-0,00139999
-4,33	-0,00139809
-4,325	-0,00139809
-4,32	-0,00139999
-4,315	-0,00139999
-4,31	-0,00139999
-4,305	-0,0014019
-4,3	-0,00139999
-4,295	-0,0014019
-4,29	-0,00139999
-4,285	-0,00139999
-4,28	-0,0014019
-4,275	-0,00139999
-4,27	-0,0014019
-4,265	-0,0014019
-4,26	-0,0014019
-4,255	-0,0014019
-4,25	-0,00140381
-4,245	-0,00140572
-4,24	-0,00140572
-4,235	-0,00140572
-4,23	-0,00140572
-4,225	-0,00140381
-4,22	-0,00140381
-4,215	-0,00140572
-4,21	-0,00140572
-4,205	-0,00140572
-4,2	-0,00140762
-4,195	-0,00140572
-4,19	-0,00140762
-4,185	-0,00140762
-4,18	-0,00140762
-4,175	-0,00140762
-4,17	-0,00140762
-4,165	-0,00140762
-4,16	-0,00140953
-4,155	-0,00141144
-4,15	-0,00140953
-4,145	-0,00141144
-4,14	-0,00141335
-4,135	-0,00141716
-4,13	-0,00141525
-4,125	-0,00141716
-4,12	-0,00141907
-4,115	-0,00141907
-4,11	-0,00141907
-4,105	-0,00142097
-4,1	-0,00142097
-4,095	-0,00142288
-4,09	-0,00142097
-4,085	-0,00142097
-4,08	-0,00142097
-4,075	-0,00142097
-4,07	-0,00142097
-4,065	-0,00142288
-4,06	-0,00142288
-4,055	-0,00142479
-4,05	-0,00142479
-4,045	-0,0014267
-4,04	-0,0014286
-4,035	-0,0014286
-4,03	-0,0014286
-4,025	-0,0014286
-4,02	-0,00143051
-4,015	-0,00143051
-4,01	-0,00143051
-4,005	-0,00143242
-4	-0,00143051
-3,995	-0,00143242
-3,99	-0,00143433
-3,985	-0,00143433
-3,98	-0,00143433
-3,975	-0,00143623
-3,97	-0,00143623
-3,965	-0,00143433
-3,96	-0,00143433
-3,955	-0,00143242
-3,95	-0,00143433
-3,945	-0,00143433
-3,94	-0,00143623
-3,935	-0,00143623
-3,93	-0,00143814
-3,925	-0,00144005
-3,92	-0,00144196
-3,915	-0,00144196
-3,91	-0,00144196
-3,905	-0,00144386
-3,9	-0,00144196
-3,895	-0,00144196
-3,89	-0,00144386
-3,885	-0,00144577
-3,88	-0,00144577
-3,875	-0,00144577
-3,87	-0,00144577
-3,865	-0,00144577
-3,86	-0,00144768
-3,855	-0,00144768
-3,85	-0,00144958
-3,845	-0,00145149
-3,84	-0,0014534
-3,835	-0,0014534
-3,83	-0,00145149
-3,825	-0,00145149
-3,82	-0,00145149
-3,815	-0,00145149
-3,81	-0,00145149
-3,805	-0,0014534
-3,8	-0,0014534
-3,795	-0,00145531
-3,79	-0,00145531
-3,785	-0,00145721
-3,78	-0,00145912
-3,775	-0,00146103
-3,77	-0,00146103
-3,765	-0,00146103
-3,76	-0,00145912
-3,755	-0,00145721
-3,75	-0,00145531
-3,745	-0,0014534
-3,74	-0,00145149
-3,735	-0,00145149
-3,73	-0,00144958
-3,725	-0,00144958
-3,72	-0,00145149
-3,715	-0,00145149
-3,71	-0,0014534
-3,705	-0,0014534
-3,7	-0,00145531
-3,695	-0,00145531
-3,69	-0,00145721
-3,685	-0,00145721
-3,68	-0,00145721
-3,675	-0,00145912
-3,67	-0,00145912
-3,665	-0,00146103
-3,66	-0,00146103
-3,655	-0,00146484
-3,65	-0,00146675
-3,645	-0,00146866
-3,64	-0,00147247
-3,635	-0,00147629
-3,63	-0,00147629
-3,625	-0,0014782
-3,62	-0,0014782
-3,615	-0,0014801
-3,61	-0,00147629
-3,605	-0,00147629
-3,6	-0,00147629
-3,595	-0,0014782
-3,59	-0,0014801
-3,585	-0,00148201
-3,58	-0,00148201
-3,575	-0,00148201
-3,57	-0,00148201
-3,565	-0,00148201
-3,56	-0,00148201
-3,555	-0,00148201
-3,55	-0,0014801
-3,545	-0,0014782
-3,54	-0,0014782
-3,535	-0,0014782
-3,53	-0,0014782
-3,525	-0,00147629
-3,52	-0,00147629
-3,515	-0,00147629
-3,51	-0,00147629
-3,505	-0,00147629
-3,5	-0,00147438
-3,495	-0,00147438
-3,49	-0,00147247
-3,485	-0,00147247
-3,48	-0,00147057
-3,475	-0,00146866
-3,47	-0,00146484
-3,465	-0,00146484
-3,46	-0,00146294
-3,455	-0,00146484
-3,45	-0,00146294
-3,445	-0,00146294
-3,44	-0,00146294
-3,435	-0,00146103
-3,43	-0,00146103
-3,425	-0,00146103
-3,42	-0,00145912
-3,415	-0,00145912
-3,41	-0,00145912
-3,405	-0,00145721
-3,4	-0,00145912
-3,395	-0,00145912
-3,39	-0,00145912
-3,385	-0,00145912
-3,38	-0,00146103
-3,375	-0,00146103
-3,37	-0,00146103
-3,365	-0,00146103
-3,36	-0,00146294
-3,355	-0,00146294
-3,35	-0,00146484
-3,345	-0,00146484
-3,34	-0,00146675
-3,335	-0,00146675
-3,33	-0,00146675
-3,325	-0,00146484
-3,32	-0,00146675
-3,315	-0,00146675
-3,31	-0,00146866
-3,305	-0,00146866
-3,3	-0,00146866
-3,295	-0,00146866
-3,29	-0,00146866
-3,285	-0,00146675
-3,28	-0,00146675
-3,275	-0,00146675
-3,27	-0,00146866
-3,265	-0,00147057
-3,26	-0,00146866
-3,255	-0,00146675
-3,25	-0,00146675
-3,245	-0,00146675
-3,24	-0,00146675
-3,235	-0,00146484
-3,23	-0,00146294
-3,225	-0,00146294
-3,22	-0,00146294
-3,215	-0,00146294
-3,21	-0,00146484
-3,205	-0,00146294
-3,2	-0,00146294
-3,195	-0,00146294
-3,19	-0,00146484
-3,185	-0,00146484
-3,18	-0,00146484
-3,175	-0,00146675
-3,17	-0,00146675
-3,165	-0,00146675
-3,16	-0,00146675
-3,155	-0,00146675
-3,15	-0,00146866
-3,145	-0,00146866
-3,14	-0,00147057
-3,135	-0,00147247
-3,13	-0,00147247
-3,125	-0,00147438
-3,12	-0,00147629
-3,115	-0,00147629
-3,11	-0,00147629
-3,105	-0,0014782
-3,1	-0,0014782
-3,095	-0,0014801
-3,09	-0,0014801
-3,085	-0,00148392
-3,08	-0,00148582
-3,075	-0,00148582
-3,07	-0,00148582
-3,065	-0,00148773
-3,06	-0,00148773
-3,055	-0,00149155
-3,05	-0,00149155
-3,045	-0,00149155
-3,04	-0,00149345
-3,035	-0,00149345
-3,03	-0,00149345
-3,025	-0,00149345
-3,02	-0,00149536
-3,015	-0,00149727
-3,01	-0,00149918
-3,005	-0,00149918
-3	-0,00149727
-2,995	-0,00149918
-2,99	-0,00149918
-2,985	-0,00150108
-2,98	-0,00150299
-2,975	-0,0015049
-2,97	-0,00150681
-2,965	-0,00150871
-2,96	-0,00150871
-2,955	-0,00150681
-2,95	-0,00150871
-2,945	-0,00150871
-2,94	-0,00151062
-2,935	-0,00151062
-2,93	-0,00151253
-2,925	-0,00151253
-2,92	-0,00151253
-2,915	-0,00151443
-2,91	-0,00151253
-2,905	-0,00151634
-2,9	-0,00151634
-2,895	-0,00151825
-2,89	-0,00151825
-2,885	-0,00151634
-2,88	-0,00151634
-2,875	-0,00151634
-2,87	-0,00151443
-2,865	-0,00151253
-2,86	-0,00151443
-2,855	-0,00151253
-2,85	-0,00151253
-2,845	-0,00151443
-2,84	-0,00151253
-2,835	-0,00151062
-2,83	-0,00151253
-2,825	-0,00151443
-2,82	-0,00151443
-2,815	-0,00151443
-2,81	-0,00151443
-2,805	-0,00151634
-2,8	-0,00151634
-2,795	-0,00151634
-2,79	-0,00151634
-2,785	-0,00151634
-2,78	-0,00151634
-2,775	-0,00151634
-2,77	-0,00151825
-2,765	-0,00151825
-2,76	-0,00152016
-2,755	-0,00152016
-2,75	-0,00152016
-2,745	-0,00152016
-2,74	-0,00151825
-2,735	-0,00151825
-2,73	-0,00151825
-2,725	-0,00152016
-2,72	-0,00151825
-2,715	-0,00152016
-2,71	-0,00152206
-2,705	-0,00152397
-2,7	-0,00152588
-2,695	-0,00152588
-2,69	-0,00152397
-2,685	-0,00152588
-2,68	-0,00152779
-2,675	-0,00152779
-2,67	-0,00152969
-2,665	-0,0015316
-2,66	-0,00153351
-2,655	-0,00153542
-2,65	-0,00153542
-2,645	-0,00153542
-2,64	-0,00153923
-2,635	-0,00153923
-2,63	-0,00154114
-2,625	-0,00153923
-2,62	-0,00154114
-2,615	-0,00154114
-2,61	-0,00154114
-2,605	-0,00154305
-2,6	-0,00154305
-2,595	-0,00154495
-2,59	-0,00154495
-2,585	-0,00154495
-2,58	-0,00154495
-2,575	-0,00154686
-2,57	-0,00154686
-2,565	-0,00154877
-2,56	-0,00154877
-2,555	-0,00154877
-2,55	-0,00155067
-2,545	-0,00155258
-2,54	-0,00155449
-2,535	-0,0015564
-2,53	-0,0015583
-2,525	-0,00156212
-2,52	-0,00156212
-2,515	-0,00156593
-2,51	-0,00156593
-2,505	-0,00156784
-2,5	-0,00156975
-2,495	-0,00156975
-2,49	-0,00156975
-2,485	-0,00157166
-2,48	-0,00157356
-2,475	-0,00157547
-2,47	-0,00157738
-2,465	-0,00157928
-2,46	-0,00157928
-2,455	-0,00158119
-2,45	-0,00158119
-2,445	-0,00158501
-2,44	-0,00158882
-2,435	-0,00158882
-2,43	-0,00159073
-2,425	-0,00159264
-2,42	-0,00159264
-2,415	-0,00159454
-2,41	-0,00159645
-2,405	-0,00159836
-2,4	-0,00160217
-2,395	-0,00160599
-2,39	-0,00160789
-2,385	-0,0016098
-2,38	-0,00161171
-2,375	-0,00161362
-2,37	-0,00161362
-2,365	-0,00161743
-2,36	-0,00161934
-2,355	-0,00162125
-2,35	-0,00162315
-2,345	-0,00162506
-2,34	-0,00162888
-2,335	-0,00163078
-2,33	-0,00163269
-2,325	-0,00163269
-2,32	-0,00163651
-2,315	-0,00163841
-2,31	-0,00164032
-2,305	-0,00164413
-2,3	-0,00164604
-2,295	-0,00164986
-2,29	-0,00165176
-2,285	-0,00165558
-2,28	-0,00165558
-2,275	-0,00165558
-2,27	-0,00165558
-2,265	-0,00165558
-2,26	-0,00165558
-2,255	-0,00165558
-2,25	-0,00165367
-2,245	-0,00165558
-2,24	-0,00165749
-2,235	-0,00165939
-2,23	-0,00165749
-2,225	-0,00165939
-2,22	-0,00165939
-2,215	-0,0016613
-2,21	-0,00166321
-2,205	-0,00166512
-2,2	-0,00166512
-2,195	-0,00166702
-2,19	-0,00166512
-2,185	-0,00166321
-2,18	-0,00166321
-2,175	-0,00165939
-2,17	-0,00166321
-2,165	-0,0016613
-2,16	-0,00166321
-2,155	-0,00166512
-2,15	-0,00166702
-2,145	-0,00166893
-2,14	-0,00167084
-2,135	-0,00167274
-2,13	-0,00167274
-2,125	-0,00167656
-2,12	-0,00167847
-2,115	-0,00168037
-2,11	-0,00168228
-2,105	-0,0016861
-2,1	-0,001688
-2,095	-0,00168991
-2,09	-0,00169182
-2,085	-0,00169373
-2,08	-0,00169182
-2,075	-0,00169373
-2,07	-0,00169563
-2,065	-0,00169563
-2,06	-0,00169754
-2,055	-0,00169945
-2,05	-0,00170135
-2,045	-0,00170135
-2,04	-0,00170135
-2,035	-0,00170135
-2,03	-0,00169945
-2,025	-0,00169945
-2,02	-0,00169945
-2,015	-0,00170135
-2,01	-0,00170326
-2,005	-0,00170517
-2	-0,00170708
-1,995	-0,00170898
-1,99	-0,00171089
-1,985	-0,00171089
-1,98	-0,0017128
-1,975	-0,00171471
-1,97	-0,00171471
-1,965	-0,00171661
-1,96	-0,00172043
-1,955	-0,00172234
-1,95	-0,00172615
-1,945	-0,00172615
-1,94	-0,00172997
-1,935	-0,00173187
-1,93	-0,00173378
-1,925	-0,00173569
-1,92	-0,00173569
-1,915	-0,0017395
-1,91	-0,00174332
-1,905	-0,00174713
-1,9	-0,00175285
-1,895	-0,00175858
-1,89	-0,0017662
-1,885	-0,00177193
-1,88	-0,00177765
-1,875	-0,00178528
-1,87	-0,00179672
-1,865	-0,00180817
-1,86	-0,00182152
-1,855	-0,00183105
-1,85	-0,00184441
-1,845	-0,00186157
-1,84	-0,00187874
-1,835	-0,001894
-1,83	-0,00191498
-1,825	-0,00193405
-1,82	-0,00195694
-1,815	-0,00197983
-1,81	-0,00200462
-1,805	-0,00203323
-1,8	-0,00206566
-1,795	-0,0021019
-1,79	-0,00213623
-1,785	-0,00215912
-1,78	-0,00216103
-1,775	-0,00214195
-1,77	-0,00211525
-1,765	-0,0020771
-1,76	-0,00204659
-1,755	-0,00201797
-1,75	-0,00200081
-1,745	-0,0019989
-1,74	-0,00200844
-1,735	-0,00202751
-1,73	-0,00204849
-1,725	-0,00206757
-1,72	-0,00208664
-1,715	-0,00210762
-1,71	-0,00212479
-1,705	-0,00214195
-1,7	-0,0021553
-1,695	-0,00216866
-1,69	-0,00218391
-1,685	-0,00219536
-1,68	-0,0022049
-1,675	-0,00221443
-1,67	-0,00222206
-1,665	-0,0022316
-1,66	-0,00223351
-1,655	-0,00223351
-1,65	-0,00222969
-1,645	-0,00221062
-1,64	-0,00219154
-1,635	-0,00215912
-1,63	-0,00211525
-1,625	-0,00206566
-1,62	-0,00201988
-1,615	-0,00197792
-1,61	-0,00194359
-1,605	-0,00192642
-1,6	-0,00191879
-1,595	-0,00192833
-1,59	-0,0019474
-1,585	-0,00196457
-1,58	-0,00198555
-1,575	-0,00200272
-1,57	-0,00202179
-1,565	-0,00204277
-1,56	-0,00205803
-1,555	-0,0020771
-1,55	-0,00209045
-1,545	-0,00210571
-1,54	-0,00211716
-1,535	-0,00212669
-1,53	-0,00213814
-1,525	-0,00214958
-1,52	-0,00215721
-1,515	-0,00216103
-1,51	-0,00215721
-1,505	-0,00213814
-1,5	-0,00210381
-1,495	-0,0020504
-1,49	-0,00199318
-1,485	-0,00192833
-1,48	-0,00186539
-1,475	-0,00180626
-1,47	-0,00175476
-1,465	-0,00172043
-1,46	-0,00170135
-1,455	-0,00170517
-1,45	-0,00172234
-1,445	-0,00173759
-1,44	-0,00175858
-1,435	-0,00178146
-1,43	-0,00180817
-1,425	-0,00183296
-1,42	-0,00185966
-1,415	-0,00188446
-1,41	-0,00190544
-1,405	-0,00192642
-1,4	-0,0019474
-1,395	-0,00196648
-1,39	-0,00198555
-1,385	-0,00200272
-1,38	-0,00201988
-1,375	-0,00203896
-1,37	-0,00205231
-1,365	-0,00206375
-1,36	-0,00206947
-1,355	-0,00206947
-1,35	-0,00205612
-1,345	-0,00202179
-1,34	-0,00198746
-1,335	-0,00193024
-1,33	-0,00187492
-1,325	-0,0018177
-1,32	-0,00175858
-1,315	-0,00170517
-1,31	-0,0016613
-1,305	-0,00163269
-1,3	-0,00162506
-1,295	-0,0016346
-1,29	-0,00164795
-1,285	-0,00166893
-1,28	-0,00169373
-1,275	-0,00171852
-1,27	-0,00174904
-1,265	-0,00177574
-1,26	-0,00180244
-1,255	-0,00182724
-1,25	-0,00185776
-1,245	-0,00188255
-1,24	-0,00190735
-1,235	-0,00193214
-1,23	-0,00195885
-1,225	-0,00198364
-1,22	-0,00199699
-1,215	-0,00198936
-1,21	-0,00195122
-1,205	-0,00187492
-1,2	-0,00175858
-1,195	-0,00158691
-1,19	-0,00134087
-1,185	-0,00102806
-1,18	-6,7139E-4
-1,175	-4,0054E-4
-1,17	-3,9291E-4
-1,165	-5,2643E-4
-1,16	-5,6267E-4
-1,155	-2,6321E-4
-1,15	0,00109291
-1,145	0,00579262
-1,14	0,00986481
-1,135	0,01283073
-1,13	0,01524544
-1,125	0,01726723
-1,12	0,0189991
-1,115	0,02049446
-1,11	0,02183533
-1,105	0,02303696
-1,1	0,02414131
-1,095	0,02516556
-1,09	0,02609253
-1,085	0,02688217
-1,08	0,02758408
-1,075	0,02827263
-1,07	0,02894974
-1,065	0,02959442
-1,06	0,03022003
-1,055	0,03081894
-1,05	0,03138542
-1,045	0,03190231
-1,04	0,03235817
-1,035	0,03277397
-1,03	0,03316498
-1,025	0,03349876
-1,02	0,03381348
-1,015	0,03410339
-1,01	0,03439522
-1,005	0,03467178
-1	0,03493881
-0,995	0,03521538
-0,99	0,0355072
-0,985	0,0357933
-0,98	0,03603745
-0,975	0,03624344
-0,97	0,03643417
-0,965	0,03664398
-0,96	0,03686333
-0,955	0,03710175
-0,95	0,03735733
-0,945	0,03760719
-0,94	0,03783798
-0,935	0,03803253
-0,93	0,03816795
-0,925	0,03824806
-0,92	0,03832245
-0,915	0,0384407
-0,91	0,03859138
-0,905	0,03876305
-0,9	0,03893089
-0,895	0,03906441
-0,89	0,03919029
-0,885	0,03931046
-0,88	0,03944778
-0,875	0,03957939
-0,87	0,03968048
-0,865	0,03975677
-0,86	0,03981209
-0,855	0,03986359
-0,85	0,03993988
-0,845	0,04001999
-0,84	0,04011345
-0,835	0,04019356
-0,83	0,04023361
-0,825	0,04022598
-0,82	0,04022789
-0,815	0,04023552
-0,81	0,04028702
-0,805	0,04032326
-0,8	0,04038429
-0,795	0,04045677
-0,79	0,0405407
-0,785	0,04059792
-0,78	0,04061699
-0,775	0,0406189
-0,77	0,0406208
-0,765	0,04063606
-0,76	0,04066086
-0,755	0,04071236
-0,75	0,04078293
-0,745	0,04087448
-0,74	0,04093361
-0,735	0,04093552
-0,73	0,04091072
-0,725	0,04088211
-0,72	0,04087067
-0,715	0,04087639
-0,71	0,04091644
-0,705	0,04097939
-0,7	0,04106712
-0,695	0,04115295
-0,69	0,04117203
-0,685	0,04108429
-0,68	0,0409832
-0,675	0,04091072
-0,67	0,040905
-0,665	0,04094696
-0,66	0,04100037
-0,655	0,04107285
-0,65	0,0411396
-0,645	0,04117012
-0,64	0,04120064
-0,635	0,04121399
-0,63	0,04125404
-0,625	0,04128456
-0,62	0,04131889
-0,615	0,04133987
-0,61	0,04133224
-0,605	0,04136086
-0,6	0,04141426
-0,595	0,04149437
-0,59	0,04155731
-0,585	0,041605
-0,58	0,04164124
-0,575	0,04166794
-0,57	0,04167747
-0,565	0,04167557
-0,56	0,04164314
-0,555	0,04163933
-0,55	0,04164886
-0,545	0,04169655
-0,54	0,04176521
-0,535	0,04182053
-0,53	0,04184341
-0,525	0,04175758
-0,52	0,04161072
-0,515	0,04152489
-0,51	0,04158974
-0,505	0,04184914
-0,5	0,04213142
-0,495	0,04231071
-0,49	0,04230309
-0,485	0,04219246
-0,48	0,04211235
-0,475	0,04209709
-0,47	0,04211617
-0,465	0,04214668
-0,46	0,04219818
-0,455	0,04226875
-0,45	0,04231644
-0,445	0,04236984
-0,44	0,04243851
-0,435	0,04245377
-0,43	0,04242706
-0,425	0,04235458
-0,42	0,04231834
-0,415	0,04237747
-0,41	0,04248619
-0,405	0,04255867
-0,4	0,04251862
-0,395	0,04243279
-0,39	0,04237366
-0,385	0,04232597
-0,38	0,04226303
-0,375	0,04214668
-0,37	0,04200172
-0,365	0,04191208
-0,36	0,04189301
-0,355	0,04193306
-0,35	0,0419426
-0,345	0,04200745
-0,34	0,04216194
-0,335	0,04235649
-0,33	0,04253006
-0,325	0,04259682
-0,32	0,04258728
-0,315	0,04251862
-0,31	0,04242897
-0,305	0,0422821
-0,3	0,04210281
-0,295	0,04196548
-0,29	0,04197311
-0,285	0,04208183
-0,28	0,04226494
-0,275	0,04239655
-0,27	0,04243088
-0,265	0,04243279
-0,26	0,04238319
-0,255	0,04230499
-0,25	0,04224968
-0,245	0,04218292
-0,24	0,04213905
-0,235	0,04212189
-0,23	0,0421505
-0,225	0,04207611
-0,22	0,04196167
-0,215	0,04178238
-0,21	0,04157829
-0,205	0,04143524
-0,2	0,04131508
-0,195	0,04122925
-0,19	0,04116249
-0,185	0,0411129
-0,18	0,04108047
-0,175	0,04109383
-0,17	0,04108429
-0,165	0,04101944
-0,16	0,04080963
-0,155	0,04053688
-0,15	0,0403347
-0,145	0,04027557
-0,14	0,04025269
-0,135	0,04017067
-0,13	0,04001427
-0,125	0,03985023
-0,12	0,03974342
-0,115	0,03964996
-0,11	0,03957176
-0,105	0,03938484
-0,1	0,03908539
-0,095	0,03874588
-0,09	0,03841972
-0,085	0,03800392
-0,08	0,03736687
-0,075	0,03647232
-0,07	0,03531647
-0,065	0,03393173
-0,06	0,03234863
-0,055	0,0304718
-0,05	0,02839851
-0,045	0,02612114
-0,04	0,02353287
-0,035	0,02036667
-0,03	0,01654053
-0,025	0,0125103
-0,02	0,00840187
-0,015	0,00428772
-0,01	2,3651E-4
-0,005	-1,8692E-4
0	-0,00387192
0,005	-0,00755501
0,01	-0,0013752
0,015	0,00407219
0,02	0,00884056
0,025	0,01324654
0,03	0,01732635
0,035	0,02101707
0,04	0,02419853
0,045	0,02688408
0,05	0,02920341
0,055	0,03121185
0,06	0,03305817
0,065	0,03460121
0,07	0,0357914
0,075	0,03673744
0,08	0,03746033
0,085	0,03801155
0,09	0,03838921
0,095	0,0387001
0,1	0,03894806
0,105	0,03921127
0,11	0,03947258
0,115	0,03976631
0,12	0,04007912
0,125	0,04026604
0,13	0,04034615
0,135	0,04042053
0,14	0,04051781
0,145	0,04064941
0,15	0,0407486
0,155	0,0408535
0,16	0,04097176
0,165	0,04106903
0,17	0,04110718
0,175	0,04117393
0,18	0,0412426
0,185	0,04134941
0,19	0,04141998
0,195	0,04142189
0,2	0,04138374
0,205	0,04136658
0,21	0,04143524
0,215	0,04161263
0,22	0,04184151
0,225	0,04205704
0,23	0,04217148
0,235	0,04217529
0,24	0,04220772
0,245	0,04224968
0,25	0,04231644
0,255	0,04233551
0,26	0,04234123
0,265	0,04234314
0,27	0,0423317
0,275	0,04232979
0,28	0,04235077
0,285	0,04237938
0,29	0,04243279
0,295	0,04246902
0,3	0,04251099
0,305	0,04254532
0,31	0,04258728
0,315	0,04265022
0,32	0,04272652
0,325	0,0427742
0,33	0,04274559
0,335	0,04268837
0,34	0,04266739
0,345	0,04265022
0,35	0,04272842
0,355	0,0428009
0,36	0,04282761
0,365	0,04281998
0,37	0,04280281
0,375	0,0428009
0,38	0,04283142
0,385	0,04290962
0,39	0,0429554
0,395	0,04294777
0,4	0,04288673
0,405	0,04285049
0,41	0,04282379
0,415	0,04283714
0,42	0,04286385
0,425	0,04287148
0,43	0,04283142
0,435	0,04278374
0,44	0,04273415
0,445	0,04268837
0,45	0,04265404
0,455	0,04266167
0,46	0,04265976
0,465	0,04268646
0,47	0,04271507
0,475	0,04271889
0,48	0,04268074
0,485	0,04265022
0,49	0,04262543
0,495	0,04262352
0,5	0,04265022
0,505	0,04265404
0,51	0,04262352
0,515	0,04260445
0,52	0,04256821
0,525	0,04253387
0,53	0,04251099
0,535	0,04249763
0,54	0,04250336
0,545	0,04250336
0,55	0,04249954
0,555	0,04247093
0,56	0,04242897
0,565	0,04240799
0,57	0,04240608
0,575	0,04244614
0,58	0,04249382
0,585	0,04252434
0,59	0,04253578
0,595	0,04250145
0,6	0,04241753
0,605	0,0423317
0,61	0,04226875
0,615	0,04223633
0,62	0,04221916
0,625	0,04221153
0,63	0,04219818
0,635	0,04218292
0,64	0,04219627
0,645	0,04221916
0,65	0,04224968
0,655	0,04224777
0,66	0,0422287
0,665	0,0422287
0,67	0,04223061
0,675	0,04221916
0,68	0,04220963
0,685	0,04219818
0,69	0,04219818
0,695	0,04223442
0,7	0,04229736
0,705	0,04235649
0,71	0,04238701
0,715	0,04238319
0,72	0,04238129
0,725	0,04239464
0,73	0,04242516
0,735	0,04248238
0,74	0,04253769
0,745	0,04257011
0,75	0,0425663
0,755	0,04253578
0,76	0,04250336
0,765	0,04250526
0,77	0,04252052
0,775	0,04250908
0,78	0,0424366
0,785	0,04233932
0,79	0,04224396
0,795	0,04215813
0,8	0,0421257
0,805	0,04211617
0,81	0,04210091
0,815	0,04201317
0,82	0,04189682
0,825	0,04176712
0,83	0,04166794
0,835	0,04159355
0,84	0,04154015
0,845	0,04149628
0,85	0,04145813
0,855	0,04137039
0,86	0,04125404
0,865	0,04112244
0,87	0,04101181
0,875	0,04093933
0,88	0,04087067
0,885	0,04080963
0,89	0,04071426
0,895	0,04058647
0,9	0,04042053
0,905	0,0402832
0,91	0,04016113
0,915	0,04003906
0,92	0,03989029
0,925	0,03969765
0,93	0,03946304
0,935	0,03920937
0,94	0,03896523
0,945	0,03874779
0,95	0,03855515
0,955	0,03838921
0,96	0,03822517
0,965	0,03804398
0,97	0,03783989
0,975	0,03761864
0,98	0,03737068
0,985	0,03708267
0,99	0,036726
0,995	0,03632164
1	0,03590202
1,005	0,03548431
1,01	0,0350666
1,015	0,03462601
1,02	0,03411865
1,025	0,03351974
1,03	0,03285217
1,035	0,03211975
1,04	0,0313282
1,045	0,03042412
1,05	0,02939415
1,055	0,02822113
1,06	0,02685165
1,065	0,02523232
1,07	0,02332878
1,075	0,02111053
1,08	0,01855659
1,085	0,01545334
1,09	0,01139069
1,095	0,00590134
1,1	0,00118065
1,105	4,7684E-4
1,11	1,1635E-4
1,115	-2,2316E-4
1,12	-5,4169E-4
1,125	-8,316E-4
1,13	-0,00109482
1,135	-0,00132561
1,14	-0,00151443
1,145	-0,00167656
1,15	-0,00179863
1,155	-0,00187683
1,16	-0,00192261
1,165	-0,00195885
1,17	-0,00197983
1,175	-0,00199318
1,18	-0,00200462
1,185	-0,00201607
1,19	-0,0020237
1,195	-0,0020237
1,2	-0,00201988
1,205	-0,00201416
1,21	-0,00200081
1,215	-0,00198555
1,22	-0,00196838
1,225	-0,00195313
1,23	-0,00193596
1,235	-0,00192833
1,24	-0,00193405
1,245	-0,00195503
1,25	-0,00198936
1,255	-0,00203896
1,26	-0,00210381
1,265	-0,00216866
1,27	-0,00223351
1,275	-0,00228691
1,28	-0,00232887
1,285	-0,0023632
1,29	-0,00238228
1,295	-0,002388
1,3	-0,00238419
1,305	-0,00237274
1,31	-0,00235939
1,315	-0,00234604
1,32	-0,00233078
1,325	-0,00231171
1,33	-0,00229263
1,335	-0,00227165
1,34	-0,00225067
1,345	-0,0022316
1,35	-0,00220871
1,355	-0,00218391
1,36	-0,00216293
1,365	-0,00214005
1,37	-0,00211906
1,375	-0,00209427
1,38	-0,0020752
1,385	-0,00205994
1,39	-0,00204849
1,395	-0,00204849
1,4	-0,00206757
1,405	-0,00209999
1,41	-0,00214577
1,415	-0,0022068
1,42	-0,00226212
1,425	-0,0023098
1,43	-0,00234413
1,435	-0,00237274
1,44	-0,00239372
1,445	-0,00240517
1,45	-0,00240517
1,455	-0,00239944
1,46	-0,00238991
1,465	-0,00238037
1,47	-0,00237465
1,475	-0,00236511
1,48	-0,00235558
1,485	-0,00234222
1,49	-0,00233078
1,495	-0,00231361
1,5	-0,00229645
1,505	-0,00228119
1,51	-0,00226021
1,515	-0,00224113
1,52	-0,00222778
1,525	-0,00221634
1,53	-0,00221443
1,535	-0,00222015
1,54	-0,00223732
1,545	-0,00226784
1,55	-0,00231361
1,555	-0,00236702
1,56	-0,00242615
1,565	-0,00248146
1,57	-0,00252342
1,575	-0,00255394
1,58	-0,00256729
1,585	-0,00257683
1,59	-0,00257874
1,595	-0,00257301
1,6	-0,00256348
1,605	-0,00255585
1,61	-0,00254631
1,615	-0,00253677
1,62	-0,00252533
1,625	-0,00251389
1,63	-0,00250053
1,635	-0,002491
1,64	-0,00247383
1,645	-0,00245857
1,65	-0,00243759
1,655	-0,00241852
1,66	-0,00239754
1,665	-0,00237846
1,67	-0,0023632
1,675	-0,00235558
1,68	-0,00235939
1,685	-0,00237656
1,69	-0,00240707
1,695	-0,00244331
1,7	-0,00247955
1,705	-0,00250816
1,71	-0,00251579
1,715	-0,00250816
1,72	-0,002491
1,725	-0,00246048
1,73	-0,00242233
1,735	-0,002388
1,74	-0,00235748
1,745	-0,00232887
1,75	-0,00230408
1,755	-0,0022831
1,76	-0,00226212
1,765	-0,00224304
1,77	-0,00222969
1,775	-0,00221062
1,78	-0,00220108
1,785	-0,00218582
1,79	-0,00217438
1,795	-0,00216293
1,8	-0,0021553
1,805	-0,00214958
1,81	-0,00214386
1,815	-0,00213623
1,82	-0,00213051
1,825	-0,00212669
1,83	-0,00212288
1,835	-0,00211906
1,84	-0,00211334
1,845	-0,00210762
1,85	-0,00210381
1,855	-0,00209999
1,86	-0,00209618
1,865	-0,00209236
1,87	-0,00209236
1,875	-0,00208855
1,88	-0,00208855
1,885	-0,00208855
1,89	-0,00208473
1,895	-0,00208282
1,9	-0,00208092
1,905	-0,0020771
1,91	-0,0020771
1,915	-0,0020771
1,92	-0,0020752
1,925	-0,0020771
1,93	-0,0020752
1,935	-0,00207138
1,94	-0,00207138
1,945	-0,00206757
1,95	-0,00206375
1,955	-0,00206184
1,96	-0,00205803
1,965	-0,00205612
1,97	-0,00205421
1,975	-0,00205421
1,98	-0,00205421
1,985	-0,00205231
1,99	-0,00204849
1,995	-0,00204849
2	-0,00204659
2,005	-0,00204468
2,01	-0,00204086
2,015	-0,00203896
2,02	-0,00203896
2,025	-0,00203705
2,03	-0,00203705
2,035	-0,00203514
2,04	-0,00203133
2,045	-0,00202942
2,05	-0,00202942
2,055	-0,00202751
2,06	-0,0020256
2,065	-0,00202751
2,07	-0,0020256
2,075	-0,00202751
2,08	-0,00202751
2,085	-0,00202751
2,09	-0,00202942
2,095	-0,00203133
2,1	-0,00203133
2,105	-0,00202942
2,11	-0,00202751
2,115	-0,00202751
2,12	-0,0020256
2,125	-0,0020256
2,13	-0,0020237
2,135	-0,0020237
2,14	-0,0020237
2,145	-0,00202179
2,15	-0,00202179
2,155	-0,00202179
2,16	-0,00201988
2,165	-0,00201797
2,17	-0,00201988
2,175	-0,00201607
2,18	-0,00201797
2,185	-0,00201607
2,19	-0,00201416
2,195	-0,00201416
2,2	-0,00201416
2,205	-0,00201416
2,21	-0,00201416
2,215	-0,00201416
2,22	-0,00201225
2,225	-0,00201225
2,23	-0,00201035
2,235	-0,00201225
2,24	-0,00201225
2,245	-0,00201035
2,25	-0,00201035
2,255	-0,00201035
2,26	-0,00200653
2,265	-0,00200462
2,27	-0,00200272
2,275	-0,00200081
2,28	-0,0019989
2,285	-0,0019989
2,29	-0,00199509
2,295	-0,00199127
2,3	-0,00198746
2,305	-0,00198555
2,31	-0,00197983
2,315	-0,00197601
2,32	-0,00197411
2,325	-0,0019722
2,33	-0,00196838
2,335	-0,00196457
2,34	-0,00196266
2,345	-0,00196075
2,35	-0,00195885
2,355	-0,00195694
2,36	-0,00195503
2,365	-0,00195313
2,37	-0,00195122
2,375	-0,00195122
2,38	-0,00194931
2,385	-0,0019474
2,39	-0,00194359
2,395	-0,00194359
2,4	-0,00194168
2,405	-0,00194168
2,41	-0,00193977
2,415	-0,00193977
2,42	-0,00193596
2,425	-0,00193214
2,43	-0,00193024
2,435	-0,00193214
2,44	-0,00192833
2,445	-0,00192451
2,45	-0,00192261
2,455	-0,00192261
2,46	-0,00192261
2,465	-0,0019207
2,47	-0,0019207
2,475	-0,00191879
2,48	-0,00191879
2,485	-0,00191879
2,49	-0,00192261
2,495	-0,00192451
2,5	-0,00192451
2,505	-0,00192451
2,51	-0,00192451
2,515	-0,00192833
2,52	-0,00193024
2,525	-0,00193024
2,53	-0,00193405
2,535	-0,00193596
2,54	-0,00193977
2,545	-0,00194168
2,55	-0,00194168
2,555	-0,00194359
2,56	-0,0019455
2,565	-0,0019474
2,57	-0,0019474
2,575	-0,00194931
2,58	-0,00195122
2,585	-0,00195313
2,59	-0,00195503
2,595	-0,00195503
2,6	-0,00195885
2,605	-0,00196266
2,61	-0,00196648
2,615	-0,00197029
2,62	-0,0019722
2,625	-0,00197601
2,63	-0,00197983
2,635	-0,00198174
2,64	-0,00198364
2,645	-0,00198364
2,65	-0,00198746
2,655	-0,00198936
2,66	-0,00198936
2,665	-0,00199127
2,67	-0,00199318
2,675	-0,00199509
2,68	-0,00199699
2,685	-0,0019989
2,69	-0,00200081
2,695	-0,00200272
2,7	-0,00200462
2,705	-0,00200462
2,71	-0,00200844
2,715	-0,00201225
2,72	-0,00201416
2,725	-0,00201988
2,73	-0,00201988
2,735	-0,0020237
2,74	-0,0020237
2,745	-0,0020237
2,75	-0,00202179
2,755	-0,00202179
2,76	-0,0020237
2,765	-0,0020237
2,77	-0,00202179
2,775	-0,00202179
2,78	-0,00202179
2,785	-0,00202179
2,79	-0,00202179
2,795	-0,0020237
2,8	-0,0020237
2,805	-0,00202179
2,81	-0,00202179
2,815	-0,00202179
2,82	-0,00202179
2,825	-0,00202179
2,83	-0,00202179
2,835	-0,00202179
2,84	-0,0020237
2,845	-0,0020237
2,85	-0,0020256
2,855	-0,0020237
2,86	-0,0020237
2,865	-0,0020237
2,87	-0,0020256
2,875	-0,0020237
2,88	-0,0020237
2,885	-0,00202179
2,89	-0,00201988
2,895	-0,00201797
2,9	-0,00201607
2,905	-0,00201607
2,91	-0,00201416
2,915	-0,00201416
2,92	-0,00201225
2,925	-0,00200844
2,93	-0,00200462
2,935	-0,00200081
2,94	-0,0019989
2,945	-0,00199699
2,95	-0,0019989
2,955	-0,00199699
2,96	-0,00199509
2,965	-0,00199318
2,97	-0,00198936
2,975	-0,00198555
2,98	-0,00198174
2,985	-0,00197983
2,99	-0,00197792
2,995	-0,00197411
3	-0,00197029
3,005	-0,0019722
3,01	-0,00196838
3,015	-0,00196266
3,02	-0,00195694
3,025	-0,00195313
3,03	-0,00194931
3,035	-0,00194359
3,04	-0,00193977
3,045	-0,00193596
3,05	-0,00193214
3,055	-0,00193024
3,06	-0,00192833
3,065	-0,00192451
3,07	-0,0019207
3,075	-0,00191689
3,08	-0,00191307
3,085	-0,00190926
3,09	-0,00190544
3,095	-0,00190163
3,1	-0,00189972
3,105	-0,00189972
3,11	-0,0018959
3,115	-0,001894
3,12	-0,00189018
3,125	-0,00188637
3,13	-0,00188828
3,135	-0,00188637
3,14	-0,00188255
3,145	-0,00187874
3,15	-0,00187492
3,155	-0,00187302
3,16	-0,0018692
3,165	-0,00186729
3,17	-0,00186348
3,175	-0,00185966
3,18	-0,00185966
3,185	-0,00185966
3,19	-0,00185776
3,195	-0,00185585
3,2	-0,00185394
3,205	-0,00185204
3,21	-0,00185013
3,215	-0,00185013
3,22	-0,00184822
3,225	-0,00184631
3,23	-0,00184441
3,235	-0,0018425
3,24	-0,00184441
3,245	-0,0018425
3,25	-0,0018425
3,255	-0,00184059
3,26	-0,00183868
3,265	-0,00184059
3,27	-0,00183868
3,275	-0,00183678
3,28	-0,00183678
3,285	-0,00183678
3,29	-0,00183678
3,295	-0,00183678
3,3	-0,00183868
3,305	-0,00183868
3,31	-0,00183868
3,315	-0,00183678
3,32	-0,00183487
3,325	-0,00183296
3,33	-0,00183487
3,335	-0,00183487
3,34	-0,00183487
3,345	-0,00183868
3,35	-0,00183678
3,355	-0,00183487
3,36	-0,00183487
3,365	-0,00183296
3,37	-0,00183105
3,375	-0,00183105
3,38	-0,00182915
3,385	-0,00182724
3,39	-0,00182915
3,395	-0,00182915
3,4	-0,00182915
3,405	-0,00182915
3,41	-0,00182915
3,415	-0,00182724
3,42	-0,00182724
3,425	-0,00182724
3,43	-0,00182724
3,435	-0,00182533
3,44	-0,00182533
3,445	-0,00182533
3,45	-0,00182343
3,455	-0,00182533
3,46	-0,00182533
3,465	-0,00182724
3,47	-0,00182533
3,475	-0,00182915
3,48	-0,00182724
3,485	-0,00182915
3,49	-0,00182915
3,495	-0,00182915
3,5	-0,00182724
3,505	-0,00182724
3,51	-0,00182724
3,515	-0,00182724
3,52	-0,00182533
3,525	-0,00182533
3,53	-0,00182724
3,535	-0,00182724
3,54	-0,00182533
3,545	-0,00182343
3,55	-0,00182343
3,555	-0,00182533
3,56	-0,00182152
3,565	-0,00182152
3,57	-0,00181961
3,575	-0,00181961
3,58	-0,0018177
3,585	-0,0018158
3,59	-0,0018158
3,595	-0,00181389
3,6	-0,00181198
3,605	-0,00181198
3,61	-0,00181198
3,615	-0,0018158
3,62	-0,00181389
3,625	-0,0018177
3,63	-0,0018177
3,635	-0,0018158
3,64	-0,00181389
3,645	-0,00181198
3,65	-0,00181198
3,655	-0,00181389
3,66	-0,00181389
3,665	-0,00181389
3,67	-0,00181389
3,675	-0,0018158
3,68	-0,00181389
3,685	-0,00181389
3,69	-0,0018158
3,695	-0,0018177
3,7	-0,0018158
3,705	-0,0018158
3,71	-0,00181389
3,715	-0,00181198
3,72	-0,00181389
3,725	-0,00181389
3,73	-0,00181198
3,735	-0,00181007
3,74	-0,00181007
3,745	-0,00180817
3,75	-0,00180626
3,755	-0,00180435
3,76	-0,00180435
3,765	-0,00180817
3,77	-0,00180435
3,775	-0,00180244
3,78	-0,00179863
3,785	-0,00179863
3,79	-0,00179672
3,795	-0,00179672
3,8	-0,00179482
3,805	-0,00179291
3,81	-0,001791
3,815	-0,00178909
3,82	-0,00178719
3,825	-0,00178528
3,83	-0,00178337
3,835	-0,00178337
3,84	-0,00178146
3,845	-0,00177765
3,85	-0,00177574
3,855	-0,00177574
3,86	-0,00177002
3,865	-0,00176811
3,87	-0,0017643
3,875	-0,00176048
3,88	-0,00175858
3,885	-0,00175476
3,89	-0,00175476
3,895	-0,00174904
3,9	-0,00174522
3,905	-0,00174522
3,91	-0,00174522
3,915	-0,00174141
3,92	-0,0017395
3,925	-0,00173569
3,93	-0,00173569
3,935	-0,00173378
3,94	-0,00173378
3,945	-0,00173378
3,95	-0,00173378
3,955	-0,00173378
3,96	-0,00173378
3,965	-0,00173187
3,97	-0,00173187
3,975	-0,00173187
3,98	-0,00172997
3,985	-0,00172806
3,99	-0,00172615
3,995	-0,00172615
4	-0,00172615
4,005	-0,00172806
4,01	-0,00172424
4,015	-0,00172424
4,02	-0,00172424
4,025	-0,00172615
4,03	-0,00172615
4,035	-0,00172806
4,04	-0,00172806
4,045	-0,00172806
4,05	-0,00172806
4,055	-0,00172997
4,06	-0,00172997
4,065	-0,00172997
4,07	-0,00172806
4,075	-0,00172806
4,08	-0,00172997
4,085	-0,00172997
4,09	-0,00172806
4,095	-0,00172997
4,1	-0,00172806
4,105	-0,00172997
4,11	-0,00172806
4,115	-0,00172615
4,12	-0,00172615
4,125	-0,00172615
4,13	-0,00172615
4,135	-0,00172806
4,14	-0,00172615
4,145	-0,00172806
4,15	-0,00172615
4,155	-0,00172615
4,16	-0,00172615
4,165	-0,00172615
4,17	-0,00172806
4,175	-0,00172615
4,18	-0,00172615
4,185	-0,00172615
4,19	-0,00172424
4,195	-0,00172424
4,2	-0,00172615
4,205	-0,00172615
4,21	-0,00172424
4,215	-0,00172615
4,22	-0,00172615
4,225	-0,00172806
4,23	-0,00172997
4,235	-0,00173378
4,24	-0,00173569
4,245	-0,00173759
4,25	-0,0017395
4,255	-0,00174141
4,26	-0,00174713
4,265	-0,00175285
4,27	-0,00175667
4,275	-0,00176239
4,28	-0,00177002
4,285	-0,00177574
4,29	-0,00178337
4,295	-0,001791
4,3	-0,00180054
4,305	-0,00180626
4,31	-0,0018158
4,315	-0,00182152
4,32	-0,00182724
4,325	-0,00183296
4,33	-0,00183296
4,335	-0,00183487
4,34	-0,00183487
4,345	-0,00184059
4,35	-0,0018425
4,355	-0,00184631
4,36	-0,00184822
4,365	-0,00185204
4,37	-0,00185776
4,375	-0,00186157
4,38	-0,00187111
4,385	-0,00187874
4,39	-0,00188446
4,395	-0,00189018
4,4	-0,0018959
4,405	-0,00190163
4,41	-0,00190544
4,415	-0,00190735
4,42	-0,00191116
4,425	-0,00191307
4,43	-0,00191307
4,435	-0,00191498
4,44	-0,00191689
4,445	-0,00191689
4,45	-0,00191307
4,455	-0,00191307
4,46	-0,00191116
4,465	-0,00190926
4,47	-0,00190735
4,475	-0,00190735
4,48	-0,00190544
4,485	-0,00190163
4,49	-0,00189781
4,495	-0,00189781
4,5	-0,0018959
4,505	-0,00189209
4,51	-0,00189209
4,515	-0,00189018
4,52	-0,00188828
4,525	-0,00188828
4,53	-0,00188446
4,535	-0,00188255
4,54	-0,00188065
4,545	-0,00188065
4,55	-0,00188065
4,555	-0,00188065
4,56	-0,00187683
4,565	-0,00187302
4,57	-0,0018692
4,575	-0,00186348
4,58	-0,00186157
4,585	-0,00185776
4,59	-0,00185394
4,595	-0,00184822
4,6	-0,0018425
4,605	-0,00183868
4,61	-0,00183678
4,615	-0,00183105
4,62	-0,00182915
4,625	-0,00182533
4,63	-0,00182343
4,635	-0,00181961
4,64	-0,00182152
4,645	-0,0018177
4,65	-0,0018158
4,655	-0,00181389
4,66	-0,00181198
4,665	-0,00181007
4,67	-0,00180817
4,675	-0,00180626
4,68	-0,00180244
4,685	-0,00180244
4,69	-0,00180244
4,695	-0,00180244
4,7	-0,00180054
4,705	-0,00179672
4,71	-0,00179672
4,715	-0,00179291
4,72	-0,001791
4,725	-0,00178719
4,73	-0,00178909
4,735	-0,00178528
4,74	-0,00178337
4,745	-0,00178146
4,75	-0,00177765
4,755	-0,00177383
4,76	-0,00177002
4,765	-0,00176811
4,77	-0,0017643
4,775	-0,0017643
4,78	-0,0017643
4,785	-0,00176239
4,79	-0,00176048
4,795	-0,00176048
4,8	-0,00175858
4,805	-0,00175858
4,81	-0,00175476
4,815	-0,00175285
4,82	-0,00175285
4,825	-0,00175095
4,83	-0,00175095
4,835	-0,00174904
4,84	-0,00174713
4,845	-0,00174522
4,85	-0,00174332
4,855	-0,00174141
4,86	-0,00173569
4,865	-0,00173569
4,87	-0,00173569
4,875	-0,00173378
4,88	-0,00173378
4,885	-0,00173378
4,89	-0,00173378
4,895	-0,00173378
4,9	-0,00173187
4,905	-0,00173569
4,91	-0,00173378
4,915	-0,00173187
4,92	-0,00172997
4,925	-0,00173187
4,93	-0,00172997
4,935	-0,00172806
4,94	-0,00172997
4,945	-0,00172997
4,95	-0,00172806
4,955	-0,00172806
4,96	-0,00172997
4,965	-0,00172997
4,97	-0,00172806
4,975	-0,00172806
4,98	-0,00172997
4,985	-0,00172997
4,99	-0,00172997
4,995	-0,00173187
5	-0,00173187
5,005	-0,00173187
5,01	-0,00173187
5,015	-0,00173187
5,02	-0,00172997
5,025	-0,00172997
5,03	-0,00172997
5,035	-0,00172997
5,04	-0,00172997
5,045	-0,00172997
5,05	-0,00172997
5,055	-0,00172997
5,06	-0,00172806
5,065	-0,00172997
5,07	-0,00172806
5,075	-0,00172997
5,08	-0,00172806
5,085	-0,00172806
5,09	-0,00172997
5,095	-0,00172997
5,1	-0,00173187
5,105	-0,00173378
5,11	-0,00173378
5,115	-0,00173378
5,12	-0,00172997
5,125	-0,00172615
5,13	-0,00172234
5,135	-0,00171852
5,14	-0,00171661
5,145	-0,00171661
5,15	-0,0017128
5,155	-0,00171089
5,16	-0,00170898
5,165	-0,00171089
5,17	-0,00171089
5,175	-0,0017128
5,18	-0,0017128
5,185	-0,0017128
5,19	-0,0017128
5,195	-0,0017128
5,2	-0,00171089
5,205	-0,00171089
5,21	-0,00171089
5,215	-0,00170898
5,22	-0,00170898
5,225	-0,00170708
5,23	-0,00170708
5,235	-0,00170708
5,24	-0,00170517
5,245	-0,00170517
5,25	-0,00170517
5,255	-0,00170326
5,26	-0,00169945
5,265	-0,00169945
5,27	-0,00169945
5,275	-0,00169754
5,28	-0,00169563
5,285	-0,00169563
5,29	-0,00169182
5,295	-0,00168991
5,3	-0,0016861
5,305	-0,00168419
5,31	-0,00168228
5,315	-0,00168037
5,32	-0,00168037
5,325	-0,00167847
5,33	-0,00167656
5,335	-0,00167656
5,34	-0,00167465
5,345	-0,00167465
5,35	-0,00167274
5,355	-0,00167084
5,36	-0,00166893
5,365	-0,00166512
5,37	-0,00166702
5,375	-0,00166512
5,38	-0,00166512
5,385	-0,00166702
5,39	-0,00166893
5,395	-0,00166893
5,4	-0,00167084
5,405	-0,00166893
5,41	-0,00167084
5,415	-0,00166893
5,42	-0,00166893
5,425	-0,00166893
5,43	-0,00167084
5,435	-0,00166893
5,44	-0,00166893
5,445	-0,00166893
5,45	-0,00166702
5,455	-0,00166512
5,46	-0,00166512
5,465	-0,00166321
5,47	-0,00166321
5,475	-0,0016613
5,48	-0,0016613
5,485	-0,00165939
5,49	-0,00165749
5,495	-0,00165367
5,5	-0,00165176
5,505	-0,00165176
5,51	-0,00165176
5,515	-0,00164986
5,52	-0,00164986
5,525	-0,00164795
5,53	-0,00164604
5,535	-0,00164413
5,54	-0,00164223
5,545	-0,00164032
5,55	-0,00163841
5,555	-0,0016346
5,56	-0,00163078
5,565	-0,00162697
5,57	-0,00162125
5,575	-0,00161934
5,58	-0,00161552
5,585	-0,00161171
5,59	-0,00161171
5,595	-0,0016098
5,6	-0,00160408
5,605	-0,00160217
5,61	-0,00160027
5,615	-0,00159836
5,62	-0,00159454
5,625	-0,00159264
5,63	-0,00158882
5,635	-0,00158691
5,64	-0,00158501
5,645	-0,00158119
5,65	-0,00157738
5,655	-0,00157547
5,66	-0,00157166
5,665	-0,00156975
5,67	-0,00156593
5,675	-0,00156212
5,68	-0,00156021
5,685	-0,00156021
5,69	-0,0015583
5,695	-0,0015564
5,7	-0,00155449
5,705	-0,00155449
5,71	-0,00155449
5,715	-0,00155258
5,72	-0,00155258
5,725	-0,00155067
5,73	-0,00155067
5,735	-0,00155067
5,74	-0,00155067
5,745	-0,00155067
5,75	-0,00154877
5,755	-0,00154686
5,76	-0,00154495
5,765	-0,00154495
5,77	-0,00154305
5,775	-0,00154305
5,78	-0,00154114
5,785	-0,00154114
5,79	-0,00154114
5,795	-0,00153923
5,8	-0,00154114
5,805	-0,00153923
5,81	-0,00153542
5,815	-0,00152397
5,82	-0,00150681
5,825	-0,00147629
5,83	-0,00143814
5,835	-0,00138474
5,84	-0,00130653
5,845	-0,00119781
5,85	-0,00104141
5,855	-8,2207E-4
5,86	-5,4741E-4
5,865	-3,109E-4
5,87	-2,079E-4
5,875	-1,6785E-4
5,88	-1,6022E-4
5,885	-1,5831E-4
5,89	-1,6022E-4
5,895	-1,6022E-4
5,9	-1,6022E-4
5,905	-1,5831E-4
5,91	-1,564E-4
5,915	-1,545E-4
5,92	-1,5259E-4
5,925	-1,4877E-4
5,93	-1,4687E-4
5,935	-1,4496E-4
5,94	-1,4305E-4
5,945	-1,4305E-4
5,95	-1,4305E-4
5,955	-1,4305E-4
5,96	-1,4114E-4
5,965	-1,4114E-4
5,97	-1,3924E-4
5,975	-1,3733E-4
5,98	-1,3542E-4
5,985	-1,3351E-4
5,99	-1,3161E-4
5,995	-1,297E-4
6	-1,2589E-4
6,005	-1,2398E-4
6,01	-1,2016E-4
6,015	-1,1826E-4
6,02	-1,1444E-4
6,025	-1,1063E-4
6,03	-1,049E-4
6,035	-1,0109E-4
6,04	-9,537E-5
6,045	-9,155E-5
6,05	-8,774E-5
6,055	-8,392E-5
6,06	-8,011E-5
6,065	-7,629E-5
6,07	-7,248E-5
6,075	-6,866E-5
6,08	-6,676E-5
6,085	-6,485E-5
6,09	-6,104E-5
6,095	-5,722E-5
6,1	-5,531E-5
6,105	-5,15E-5
6,11	-4,768E-5
6,115	-4,578E-5
6,12	-4,196E-5
6,125	-4,005E-5
6,13	-3,815E-5
6,135	-3,624E-5
6,14	-3,433E-5
6,145	-3,433E-5
6,15	-3,242E-5
6,155	-3,052E-5
6,16	-2,861E-5
6,165	-2,861E-5
6,17	-2,67E-5
6,175	-2,67E-5
6,18	-2,67E-5
6,185	-2,67E-5
6,19	-2,67E-5
6,195	-2,67E-5
6,2	-2,67E-5
6,205	-2,67E-5
6,21	-2,48E-5
6,215	-2,48E-5
6,22	-2,48E-5
6,225	-2,48E-5
6,23	-2,289E-5
6,235	-2,098E-5
6,24	-2,098E-5
6,245	-1,907E-5
6,25	-1,907E-5
6,255	-1,907E-5
6,26	-1,907E-5
6,265	-1,907E-5
6,27	-1,907E-5
6,275	-2,098E-5
6,28	-1,907E-5
6,285	-2,098E-5
6,29	-2,098E-5
6,295	-2,098E-5
6,3	-2,098E-5
6,305	-2,098E-5
6,31	-2,289E-5
6,315	-2,289E-5
6,32	-2,289E-5
6,325	-2,289E-5
6,33	-2,48E-5
6,335	-2,48E-5
6,34	-2,48E-5
6,345	-2,67E-5
6,35	-2,67E-5
6,355	-2,861E-5
6,36	-2,861E-5
6,365	-3,052E-5
6,37	-3,052E-5
6,375	-3,242E-5
6,38	-3,624E-5
6,385	-3,815E-5
6,39	-3,815E-5
6,395	-4,196E-5
6,4	-4,196E-5
6,405	-4,387E-5
6,41	-4,578E-5
6,415	-4,578E-5
6,42	-4,768E-5
6,425	-4,768E-5
6,43	-4,959E-5
6,435	-5,15E-5
6,44	-5,341E-5
6,445	-5,341E-5
6,45	-5,341E-5
6,455	-5,531E-5
6,46	-5,722E-5
6,465	-5,913E-5
6,47	-5,913E-5
6,475	-6,104E-5
6,48	-6,104E-5
6,485	-6,294E-5
6,49	-6,294E-5
6,495	-6,485E-5
6,5	-6,485E-5
6,505	-6,485E-5
6,51	-6,485E-5
6,515	-6,676E-5
6,52	-6,676E-5
6,525	-6,676E-5
6,53	-6,485E-5
6,535	-6,485E-5
6,54	-6,485E-5
6,545	-6,294E-5
6,55	-6,294E-5
6,555	-6,104E-5
6,56	-6,104E-5
6,565	-6,104E-5
6,57	-5,913E-5
6,575	-5,913E-5
6,58	-5,722E-5
6,585	-5,531E-5
6,59	-5,531E-5
6,595	-5,341E-5
6,6	-5,341E-5
6,605	-5,531E-5
6,61	-5,531E-5
6,615	-5,531E-5
6,62	-5,531E-5
6,625	-5,531E-5
6,63	-5,531E-5
6,635	-5,531E-5
6,64	-5,341E-5
6,645	-5,341E-5
6,65	-5,341E-5
6,655	-5,341E-5
6,66	-5,15E-5
6,665	-5,15E-5
6,67	-5,15E-5
6,675	-5,15E-5
6,68	-5,15E-5
6,685	-5,15E-5
6,69	-5,341E-5
6,695	-5,341E-5
6,7	-5,341E-5
6,705	-5,341E-5
6,71	-5,15E-5
6,715	-5,15E-5
6,72	-4,959E-5
6,725	-4,768E-5
6,73	-4,578E-5
6,735	-4,387E-5
6,74	-4,387E-5
6,745	-4,196E-5
6,75	-4,005E-5
6,755	-3,815E-5
6,76	-3,624E-5
6,765	-3,433E-5
6,77	-3,433E-5
6,775	-3,433E-5
6,78	-3,433E-5
6,785	-3,242E-5
6,79	-3,242E-5
6,795	-3,242E-5
6,8	-3,242E-5
6,805	-3,433E-5
6,81	-3,433E-5
6,815	-3,433E-5
6,82	-3,433E-5
6,825	-3,433E-5
6,83	-3,242E-5
6,835	-3,242E-5
6,84	-3,242E-5
6,845	-3,242E-5
6,85	-3,242E-5
6,855	-3,052E-5
6,86	-3,052E-5
6,865	-2,861E-5
6,87	-2,861E-5
6,875	-2,861E-5
6,88	-2,861E-5
6,885	-2,861E-5
6,89	-2,861E-5
6,895	-2,861E-5
6,9	-2,861E-5
6,905	-2,861E-5
6,91	-2,67E-5
6,915	-2,67E-5
6,92	-2,67E-5
6,925	-2,67E-5
6,93	-2,67E-5
6,935	-2,67E-5
6,94	-2,67E-5
6,945	-2,67E-5
6,95	-2,67E-5
6,955	-2,67E-5
6,96	-2,67E-5
6,965	-2,67E-5
6,97	-2,861E-5
6,975	-2,861E-5
6,98	-2,67E-5
6,985	-2,67E-5
6,99	-2,48E-5
6,995	-2,289E-5
7	-2,289E-5
7,005	-2,098E-5
7,01	-2,098E-5
7,015	-1,907E-5
7,02	-1,907E-5
7,025	-1,907E-5
7,03	-1,907E-5
7,035	-1,907E-5
7,04	-1,907E-5
7,045	-1,907E-5
7,05	-1,907E-5
7,055	-1,907E-5
7,06	-1,907E-5
7,065	-2,098E-5
7,07	-2,098E-5
7,075	-2,289E-5
7,08	-2,289E-5
7,085	-2,289E-5
7,09	-2,098E-5
7,095	-2,289E-5
7,1	-2,289E-5
7,105	-2,48E-5
7,11	-2,289E-5
7,115	-2,48E-5
7,12	-2,289E-5
7,125	-2,289E-5
7,13	-2,289E-5
7,135	-2,289E-5
7,14	-2,289E-5
7,145	-2,098E-5
7,15	-2,098E-5
7,155	-1,907E-5
7,16	-1,717E-5
7,165	-1,717E-5
7,17	-1,717E-5
7,175	-1,526E-5
7,18	-1,526E-5
7,185	-1,526E-5
7,19	-1,526E-5
7,195	-1,526E-5
7,2	-1,335E-5
7,205	-1,335E-5
7,21	-1,335E-5
7,215	-1,335E-5
7,22	-1,144E-5
7,225	-9,54E-6
7,23	-7,63E-6
7,235	-7,63E-6
7,24	-5,72E-6
7,245	-3,81E-6
7,25	-1,91E-6
