Radial coordinate	delta n
mm	
	211Bi-Ge
-6,745	0,00226683153174141
-6,74	0,00226683153174141
-6,735	0,00226683153174141
-6,73	0,00226683153174141
-6,725	0,00226683153174141
-6,72	0,00226683153174141
-6,715	0,00226683153174141
-6,71	0,00226683153174141
-6,705	0,00226683153174141
-6,7	0,00226683153174141
-6,695	0,00226683153174141
-6,69	0,00226683153174141
-6,685	0,00226683153174141
-6,68	0,00226683153174141
-6,675	0,00226683153174141
-6,67	0,00226683153174141
-6,665	0,00226683153174141
-6,66	0,00226683153174141
-6,655	0,00226778153174141
-6,65	0,00226874153174141
-6,645	0,00226874153174141
-6,64	0,00226874153174141
-6,635	0,00226874153174141
-6,63	0,00226969153174141
-6,625	0,00226969153174141
-6,62	0,00226969153174141
-6,615	0,00226969153174141
-6,61	0,00226969153174141
-6,605	0,00226969153174141
-6,6	0,00226874153174141
-6,595	0,00226874153174141
-6,59	0,00226778153174141
-6,585	0,00226778153174141
-6,58	0,00226778153174141
-6,575	0,00226683153174141
-6,57	0,00226683153174141
-6,565	0,00226588153174141
-6,56	0,00226588153174141
-6,555	0,00226683153174141
-6,55	0,00226683153174141
-6,545	0,00226778153174141
-6,54	0,00226874153174141
-6,535	0,00226874153174141
-6,53	0,00226874153174141
-6,525	0,00226969153174141
-6,52	0,00226874153174141
-6,515	0,00226778153174141
-6,51	0,00226683153174141
-6,505	0,00226588153174141
-6,5	0,00226588153174141
-6,495	0,00226588153174141
-6,49	0,00226492153174141
-6,485	0,00226492153174141
-6,48	0,00226397153174141
-6,475	0,00226397153174141
-6,47	0,00226302153174141
-6,465	0,00226206153174141
-6,46	0,00226302153174141
-6,455	0,00226302153174141
-6,45	0,00226302153174141
-6,445	0,00226302153174141
-6,44	0,00226302153174141
-6,435	0,00226302153174141
-6,43	0,00226302153174141
-6,425	0,00226302153174141
-6,42	0,00226302153174141
-6,415	0,00226397153174141
-6,41	0,00226397153174141
-6,405	0,00226397153174141
-6,4	0,00226397153174141
-6,395	0,00226397153174141
-6,39	0,00226397153174141
-6,385	0,00226397153174141
-6,38	0,00226397153174141
-6,375	0,00226397153174141
-6,37	0,00226397153174141
-6,365	0,00226397153174141
-6,36	0,00226397153174141
-6,355	0,00226397153174141
-6,35	0,00226397153174141
-6,345	0,00226397153174141
-6,34	0,00226492153174141
-6,335	0,00226492153174141
-6,33	0,00226588153174141
-6,325	0,00226492153174141
-6,32	0,00226588153174141
-6,315	0,00226492153174141
-6,31	0,00226492153174141
-6,305	0,00226588153174141
-6,3	0,00226588153174141
-6,295	0,00226588153174141
-6,29	0,00226683153174141
-6,285	0,00226683153174141
-6,28	0,00226778153174141
-6,275	0,00226778153174141
-6,27	0,00226874153174141
-6,265	0,00226969153174141
-6,26	0,00227064153174141
-6,255	0,00227064153174141
-6,25	0,00227160153174141
-6,245	0,00227160153174141
-6,24	0,00227160153174141
-6,235	0,00227160153174141
-6,23	0,00227160153174141
-6,225	0,00227160153174141
-6,22	0,00227255153174141
-6,215	0,00227255153174141
-6,21	0,00227255153174141
-6,205	0,00227351153174141
-6,2	0,00227255153174141
-6,195	0,00227255153174141
-6,19	0,00227160153174141
-6,185	0,00227064153174141
-6,18	0,00226969153174141
-6,175	0,00226874153174141
-6,17	0,00226778153174141
-6,165	0,00226683153174141
-6,16	0,00226683153174141
-6,155	0,00226683153174141
-6,15	0,00226588153174141
-6,145	0,00226588153174141
-6,14	0,00226588153174141
-6,135	0,00226492153174141
-6,13	0,00226492153174141
-6,125	0,00226397153174141
-6,12	0,00226397153174141
-6,115	0,00226302153174141
-6,11	0,00226302153174141
-6,105	0,00226111153174141
-6,1	0,00226015153174141
-6,095	0,00225920153174141
-6,09	0,00225825153174141
-6,085	0,00225729153174141
-6,08	0,00225634153174141
-6,075	0,00225539153174141
-6,07	0,00225443153174141
-6,065	0,00225348153174141
-6,06	0,00225252153174141
-6,055	0,00225157153174141
-6,05	0,00225062153174141
-6,045	0,00224966153174141
-6,04	0,00224871153174141
-6,035	0,00224776153174141
-6,03	0,00224680153174141
-6,025	0,00224585153174141
-6,02	0,00224490153174141
-6,015	0,00224299153174141
-6,01	0,00224299153174141
-6,005	0,00224299153174141
-6	0,00224203153174141
-5,995	0,00224108153174141
-5,99	0,00224013153174141
-5,985	0,00224013153174141
-5,98	0,00224013153174141
-5,975	0,00223917153174141
-5,97	0,00223917153174141
-5,965	0,00223917153174141
-5,96	0,00223917153174141
-5,955	0,00223917153174141
-5,95	0,00223822153174141
-5,945	0,00223727153174141
-5,94	0,00223631153174141
-5,935	0,00223727153174141
-5,93	0,00223917153174141
-5,925	0,00224108153174141
-5,92	0,00224394153174141
-5,915	0,00224394153174141
-5,91	0,00223345153174141
-5,905	0,00219912153174141
-5,9	0,00211806153174141
-5,895	0,00190920153174141
-5,89	0,00152296153174141
-5,885	0,00121302153174141
-5,88	9,98441531741409E-4
-5,875	8,4299153174141E-4
-5,87	7,2855153174141E-4
-5,865	6,4654153174141E-4
-5,86	5,8646153174141E-4
-5,855	5,48311531741409E-4
-5,85	5,24471531741409E-4
-5,845	5,1207153174141E-4
-5,84	5,0539153174141E-4
-5,835	5,00631531741409E-4
-5,83	4,9586153174141E-4
-5,825	4,9300153174141E-4
-5,82	4,8632153174141E-4
-5,815	4,8251153174141E-4
-5,81	4,8060153174141E-4
-5,805	4,7869153174141E-4
-5,8	4,7869153174141E-4
-5,795	4,7964153174141E-4
-5,79	4,8060153174141E-4
-5,785	4,8155153174141E-4
-5,78	4,8251153174141E-4
-5,775	4,8346153174141E-4
-5,77	4,8537153174141E-4
-5,765	4,8727153174141E-4
-5,76	4,8823153174141E-4
-5,755	4,9013153174141E-4
-5,75	4,9013153174141E-4
-5,745	4,9204153174141E-4
-5,74	4,9300153174141E-4
-5,735	4,9490153174141E-4
-5,73	4,9490153174141E-4
-5,725	4,9490153174141E-4
-5,72	4,9490153174141E-4
-5,715	4,9586153174141E-4
-5,71	4,9586153174141E-4
-5,705	4,9586153174141E-4
-5,7	4,9681153174141E-4
-5,695	4,9681153174141E-4
-5,69	4,9776153174141E-4
-5,685	4,9776153174141E-4
-5,68	4,9872153174141E-4
-5,675	4,9872153174141E-4
-5,67	4,9967153174141E-4
-5,665	4,9967153174141E-4
-5,66	4,9967153174141E-4
-5,655	4,9967153174141E-4
-5,65	5,00631531741409E-4
-5,645	5,00631531741409E-4
-5,64	5,0158153174141E-4
-5,635	5,00631531741409E-4
-5,63	5,00631531741409E-4
-5,625	4,9872153174141E-4
-5,62	4,9967153174141E-4
-5,615	4,9776153174141E-4
-5,61	4,9681153174141E-4
-5,605	4,9586153174141E-4
-5,6	4,9586153174141E-4
-5,595	4,9300153174141E-4
-5,59	4,9109153174141E-4
-5,585	4,8918153174141E-4
-5,58	4,8727153174141E-4
-5,575	4,8632153174141E-4
-5,57	4,8441153174141E-4
-5,565	4,8346153174141E-4
-5,56	4,8155153174141E-4
-5,555	4,8060153174141E-4
-5,55	4,7964153174141E-4
-5,545	4,7869153174141E-4
-5,54	4,7869153174141E-4
-5,535	4,7869153174141E-4
-5,53	4,7774153174141E-4
-5,525	4,75831531741409E-4
-5,52	4,75831531741409E-4
-5,515	4,7488153174141E-4
-5,51	4,7297153174141E-4
-5,505	4,7011153174141E-4
-5,5	4,68201531741409E-4
-5,495	4,67251531741409E-4
-5,49	4,6439153174141E-4
-5,485	4,6343153174141E-4
-5,48	4,6248153174141E-4
-5,475	4,60571531741409E-4
-5,47	4,60571531741409E-4
-5,465	4,5866153174141E-4
-5,46	4,5866153174141E-4
-5,455	4,5580153174141E-4
-5,45	4,5485153174141E-4
-5,445	4,5485153174141E-4
-5,44	4,5390153174141E-4
-5,435	4,52941531741409E-4
-5,43	4,51991531741409E-4
-5,425	4,51991531741409E-4
-5,42	4,5103153174141E-4
-5,415	4,5103153174141E-4
-5,41	4,5008153174141E-4
-5,405	4,4913153174141E-4
-5,4	4,4913153174141E-4
-5,395	4,4817153174141E-4
-5,39	4,4913153174141E-4
-5,385	4,4913153174141E-4
-5,38	4,4817153174141E-4
-5,375	4,4913153174141E-4
-5,37	4,4817153174141E-4
-5,365	4,4913153174141E-4
-5,36	4,5008153174141E-4
-5,355	4,5008153174141E-4
-5,35	4,5103153174141E-4
-5,345	4,51991531741409E-4
-5,34	4,52941531741409E-4
-5,335	4,5390153174141E-4
-5,33	4,52941531741409E-4
-5,325	4,52941531741409E-4
-5,32	4,52941531741409E-4
-5,315	4,51991531741409E-4
-5,31	4,51991531741409E-4
-5,305	4,51991531741409E-4
-5,3	4,52941531741409E-4
-5,295	4,52941531741409E-4
-5,29	4,5103153174141E-4
-5,285	4,51991531741409E-4
-5,28	4,5008153174141E-4
-5,275	4,4913153174141E-4
-5,27	4,4722153174141E-4
-5,265	4,4627153174141E-4
-5,26	4,4627153174141E-4
-5,255	4,4627153174141E-4
-5,25	4,45311531741409E-4
-5,245	4,4627153174141E-4
-5,24	4,44361531741409E-4
-5,235	4,44361531741409E-4
-5,23	4,4340153174141E-4
-5,225	4,4150153174141E-4
-5,22	4,4245153174141E-4
-5,215	4,4054153174141E-4
-5,21	4,3959153174141E-4
-5,205	4,4054153174141E-4
-5,2	4,3864153174141E-4
-5,195	4,4150153174141E-4
-5,19	4,3864153174141E-4
-5,185	4,3864153174141E-4
-5,18	4,3959153174141E-4
-5,175	4,37681531741409E-4
-5,17	4,37681531741409E-4
-5,165	4,35781531741409E-4
-5,16	4,3387153174141E-4
-5,155	4,3387153174141E-4
-5,15	4,30051531741409E-4
-5,145	4,2719153174141E-4
-5,14	4,2528153174141E-4
-5,135	4,2338153174141E-4
-5,13	4,2338153174141E-4
-5,125	4,21471531741409E-4
-5,12	4,20521531741409E-4
-5,115	4,21471531741409E-4
-5,11	4,1956153174141E-4
-5,105	4,20521531741409E-4
-5,1	4,1956153174141E-4
-5,095	4,1670153174141E-4
-5,09	4,1575153174141E-4
-5,085	4,1670153174141E-4
-5,08	4,1479153174141E-4
-5,075	4,13841531741409E-4
-5,07	4,13841531741409E-4
-5,065	4,12891531741409E-4
-5,06	4,1193153174141E-4
-5,055	4,1193153174141E-4
-5,05	4,1098153174141E-4
-5,045	4,0907153174141E-4
-5,04	4,0812153174141E-4
-5,035	4,0812153174141E-4
-5,03	4,0717153174141E-4
-5,025	4,05261531741409E-4
-5,02	4,0430153174141E-4
-5,015	4,0240153174141E-4
-5,01	4,0049153174141E-4
-5,005	3,9858153174141E-4
-5	4,0049153174141E-4
-4,995	3,9954153174141E-4
-4,99	3,9763153174141E-4
-4,985	4,0049153174141E-4
-4,98	3,9858153174141E-4
-4,975	3,9572153174141E-4
-4,97	3,9286153174141E-4
-4,965	3,9572153174141E-4
-4,96	3,9381153174141E-4
-4,955	3,9191153174141E-4
-4,95	3,9286153174141E-4
-4,945	3,9381153174141E-4
-4,94	3,9095153174141E-4
-4,935	3,9000153174141E-4
-4,93	3,9286153174141E-4
-4,925	3,9286153174141E-4
-4,92	3,9286153174141E-4
-4,915	3,9191153174141E-4
-4,91	3,9286153174141E-4
-4,905	3,9286153174141E-4
-4,9	3,9191153174141E-4
-4,895	3,9286153174141E-4
-4,89	3,9095153174141E-4
-4,885	3,9477153174141E-4
-4,88	3,9477153174141E-4
-4,875	3,9572153174141E-4
-4,87	3,9572153174141E-4
-4,865	3,9572153174141E-4
-4,86	3,9667153174141E-4
-4,855	3,9572153174141E-4
-4,85	3,9572153174141E-4
-4,845	3,9667153174141E-4
-4,84	3,9763153174141E-4
-4,835	3,9572153174141E-4
-4,83	3,9667153174141E-4
-4,825	3,9667153174141E-4
-4,82	3,9572153174141E-4
-4,815	3,9572153174141E-4
-4,81	3,9667153174141E-4
-4,805	3,9572153174141E-4
-4,8	3,9477153174141E-4
-4,795	3,9381153174141E-4
-4,79	3,9477153174141E-4
-4,785	3,9572153174141E-4
-4,78	3,9477153174141E-4
-4,775	3,9477153174141E-4
-4,77	3,9477153174141E-4
-4,765	3,9667153174141E-4
-4,76	3,9667153174141E-4
-4,755	3,9858153174141E-4
-4,75	3,9763153174141E-4
-4,745	3,9763153174141E-4
-4,74	3,9858153174141E-4
-4,735	4,0049153174141E-4
-4,73	4,0144153174141E-4
-4,725	4,0049153174141E-4
-4,72	3,9858153174141E-4
-4,715	3,9954153174141E-4
-4,71	4,0049153174141E-4
-4,705	4,0144153174141E-4
-4,7	4,0144153174141E-4
-4,695	3,9954153174141E-4
-4,69	3,9858153174141E-4
-4,685	4,0049153174141E-4
-4,68	4,0049153174141E-4
-4,675	3,9954153174141E-4
-4,67	3,9763153174141E-4
-4,665	3,9572153174141E-4
-4,66	3,9286153174141E-4
-4,655	3,9572153174141E-4
-4,65	3,9572153174141E-4
-4,645	3,9477153174141E-4
-4,64	3,9286153174141E-4
-4,635	3,9191153174141E-4
-4,63	3,9191153174141E-4
-4,625	3,9286153174141E-4
-4,62	3,9191153174141E-4
-4,615	3,8905153174141E-4
-4,61	3,8905153174141E-4
-4,605	3,8714153174141E-4
-4,6	3,8905153174141E-4
-4,595	3,8809153174141E-4
-4,59	3,8714153174141E-4
-4,585	3,8618153174141E-4
-4,58	3,8428153174141E-4
-4,575	3,8237153174141E-4
-4,57	3,8332153174141E-4
-4,565	3,8237153174141E-4
-4,56	3,8428153174141E-4
-4,555	3,8332153174141E-4
-4,55	3,8142153174141E-4
-4,545	3,8237153174141E-4
-4,54	3,8332153174141E-4
-4,535	3,8523153174141E-4
-4,53	3,8428153174141E-4
-4,525	3,8618153174141E-4
-4,52	3,8523153174141E-4
-4,515	3,8618153174141E-4
-4,51	3,8809153174141E-4
-4,505	3,8714153174141E-4
-4,5	3,8809153174141E-4
-4,495	3,8714153174141E-4
-4,49	3,8809153174141E-4
-4,485	3,8905153174141E-4
-4,48	3,8905153174141E-4
-4,475	3,8905153174141E-4
-4,47	3,9000153174141E-4
-4,465	3,9095153174141E-4
-4,46	3,8905153174141E-4
-4,455	3,8905153174141E-4
-4,45	3,9000153174141E-4
-4,445	3,8905153174141E-4
-4,44	3,8905153174141E-4
-4,435	3,8714153174141E-4
-4,43	3,8905153174141E-4
-4,425	3,8905153174141E-4
-4,42	3,8714153174141E-4
-4,415	3,8809153174141E-4
-4,41	3,8905153174141E-4
-4,405	3,8809153174141E-4
-4,4	3,8905153174141E-4
-4,395	3,8905153174141E-4
-4,39	3,9000153174141E-4
-4,385	3,9095153174141E-4
-4,38	3,8905153174141E-4
-4,375	3,8809153174141E-4
-4,37	3,9000153174141E-4
-4,365	3,8905153174141E-4
-4,36	3,8905153174141E-4
-4,355	3,8618153174141E-4
-4,35	3,8618153174141E-4
-4,345	3,8523153174141E-4
-4,34	3,8618153174141E-4
-4,335	3,8523153174141E-4
-4,33	3,8428153174141E-4
-4,325	3,8523153174141E-4
-4,32	3,8332153174141E-4
-4,315	3,8142153174141E-4
-4,31	3,8237153174141E-4
-4,305	3,7951153174141E-4
-4,3	3,7951153174141E-4
-4,295	3,7855153174141E-4
-4,29	3,7855153174141E-4
-4,285	3,80461531741409E-4
-4,28	3,8142153174141E-4
-4,275	3,80461531741409E-4
-4,27	3,80461531741409E-4
-4,265	3,8142153174141E-4
-4,26	3,7951153174141E-4
-4,255	3,80461531741409E-4
-4,25	3,8142153174141E-4
-4,245	3,8142153174141E-4
-4,24	3,8142153174141E-4
-4,235	3,8237153174141E-4
-4,23	3,8523153174141E-4
-4,225	3,8428153174141E-4
-4,22	3,8618153174141E-4
-4,215	3,8618153174141E-4
-4,21	3,8523153174141E-4
-4,205	3,8523153174141E-4
-4,2	3,8428153174141E-4
-4,195	3,8428153174141E-4
-4,19	3,8332153174141E-4
-4,185	3,8428153174141E-4
-4,18	3,8332153174141E-4
-4,175	3,8237153174141E-4
-4,17	3,8428153174141E-4
-4,165	3,8428153174141E-4
-4,16	3,8428153174141E-4
-4,155	3,8332153174141E-4
-4,15	3,8237153174141E-4
-4,145	3,8142153174141E-4
-4,14	3,8237153174141E-4
-4,135	3,8142153174141E-4
-4,13	3,8237153174141E-4
-4,125	3,8237153174141E-4
-4,12	3,8332153174141E-4
-4,115	3,8237153174141E-4
-4,11	3,8523153174141E-4
-4,105	3,8428153174141E-4
-4,1	3,8523153174141E-4
-4,095	3,8332153174141E-4
-4,09	3,8237153174141E-4
-4,085	3,8237153174141E-4
-4,08	3,8237153174141E-4
-4,075	3,8428153174141E-4
-4,07	3,8332153174141E-4
-4,065	3,8428153174141E-4
-4,06	3,8428153174141E-4
-4,055	3,8523153174141E-4
-4,05	3,8523153174141E-4
-4,045	3,8714153174141E-4
-4,04	3,8618153174141E-4
-4,035	3,8428153174141E-4
-4,03	3,8332153174141E-4
-4,025	3,8237153174141E-4
-4,02	3,8332153174141E-4
-4,015	3,8142153174141E-4
-4,01	3,8332153174141E-4
-4,005	3,8428153174141E-4
-4	3,8428153174141E-4
-3,995	3,8523153174141E-4
-3,99	3,8618153174141E-4
-3,985	3,8714153174141E-4
-3,98	3,8809153174141E-4
-3,975	3,8809153174141E-4
-3,97	3,8714153174141E-4
-3,965	3,8809153174141E-4
-3,96	3,8809153174141E-4
-3,955	3,9191153174141E-4
-3,95	3,9191153174141E-4
-3,945	3,9191153174141E-4
-3,94	3,9191153174141E-4
-3,935	3,9286153174141E-4
-3,93	3,9191153174141E-4
-3,925	3,9286153174141E-4
-3,92	3,9381153174141E-4
-3,915	3,9381153174141E-4
-3,91	3,9286153174141E-4
-3,905	3,9286153174141E-4
-3,9	3,9381153174141E-4
-3,895	3,9381153174141E-4
-3,89	3,9667153174141E-4
-3,885	3,9667153174141E-4
-3,88	3,9572153174141E-4
-3,875	3,9763153174141E-4
-3,87	3,9858153174141E-4
-3,865	3,9763153174141E-4
-3,86	3,9763153174141E-4
-3,855	3,9858153174141E-4
-3,85	4,0049153174141E-4
-3,845	4,0144153174141E-4
-3,84	4,0240153174141E-4
-3,835	4,0144153174141E-4
-3,83	4,0144153174141E-4
-3,825	4,0335153174141E-4
-3,82	4,0717153174141E-4
-3,815	4,1003153174141E-4
-3,81	4,1098153174141E-4
-3,805	4,1193153174141E-4
-3,8	4,12891531741409E-4
-3,795	4,1193153174141E-4
-3,79	4,1193153174141E-4
-3,785	4,1098153174141E-4
-3,78	4,1098153174141E-4
-3,775	4,1098153174141E-4
-3,77	4,1098153174141E-4
-3,765	4,1003153174141E-4
-3,76	4,1003153174141E-4
-3,755	4,1098153174141E-4
-3,75	4,1479153174141E-4
-3,745	4,13841531741409E-4
-3,74	4,1479153174141E-4
-3,735	4,1479153174141E-4
-3,73	4,1479153174141E-4
-3,725	4,1575153174141E-4
-3,72	4,1479153174141E-4
-3,715	4,12891531741409E-4
-3,71	4,13841531741409E-4
-3,705	4,1193153174141E-4
-3,7	4,1003153174141E-4
-3,695	4,0812153174141E-4
-3,69	4,1003153174141E-4
-3,685	4,1098153174141E-4
-3,68	4,1193153174141E-4
-3,675	4,1098153174141E-4
-3,67	4,13841531741409E-4
-3,665	4,1479153174141E-4
-3,66	4,1479153174141E-4
-3,655	4,13841531741409E-4
-3,65	4,13841531741409E-4
-3,645	4,12891531741409E-4
-3,64	4,13841531741409E-4
-3,635	4,13841531741409E-4
-3,63	4,1479153174141E-4
-3,625	4,1479153174141E-4
-3,62	4,1479153174141E-4
-3,615	4,1575153174141E-4
-3,61	4,1575153174141E-4
-3,605	4,1479153174141E-4
-3,6	4,1575153174141E-4
-3,595	4,1479153174141E-4
-3,59	4,1766153174141E-4
-3,585	4,1670153174141E-4
-3,58	4,1575153174141E-4
-3,575	4,1575153174141E-4
-3,57	4,1479153174141E-4
-3,565	4,1479153174141E-4
-3,56	4,13841531741409E-4
-3,555	4,12891531741409E-4
-3,55	4,1098153174141E-4
-3,545	4,1003153174141E-4
-3,54	4,1003153174141E-4
-3,535	4,1098153174141E-4
-3,53	4,1003153174141E-4
-3,525	4,0812153174141E-4
-3,52	4,0717153174141E-4
-3,515	4,0621153174141E-4
-3,51	4,0717153174141E-4
-3,505	4,0907153174141E-4
-3,5	4,0907153174141E-4
-3,495	4,0717153174141E-4
-3,49	4,0717153174141E-4
-3,485	4,0717153174141E-4
-3,48	4,0812153174141E-4
-3,475	4,0812153174141E-4
-3,47	4,0907153174141E-4
-3,465	4,0907153174141E-4
-3,46	4,0907153174141E-4
-3,455	4,1193153174141E-4
-3,45	4,12891531741409E-4
-3,445	4,13841531741409E-4
-3,44	4,12891531741409E-4
-3,435	4,12891531741409E-4
-3,43	4,1098153174141E-4
-3,425	4,12891531741409E-4
-3,42	4,1193153174141E-4
-3,415	4,1193153174141E-4
-3,41	4,12891531741409E-4
-3,405	4,1575153174141E-4
-3,4	4,1479153174141E-4
-3,395	4,1670153174141E-4
-3,39	4,1670153174141E-4
-3,385	4,1766153174141E-4
-3,38	4,1670153174141E-4
-3,375	4,1670153174141E-4
-3,37	4,1670153174141E-4
-3,365	4,1861153174141E-4
-3,36	4,1861153174141E-4
-3,355	4,1861153174141E-4
-3,35	4,1766153174141E-4
-3,345	4,1766153174141E-4
-3,34	4,1766153174141E-4
-3,335	4,1670153174141E-4
-3,33	4,1766153174141E-4
-3,325	4,1861153174141E-4
-3,32	4,1956153174141E-4
-3,315	4,1861153174141E-4
-3,31	4,2338153174141E-4
-3,305	4,2338153174141E-4
-3,3	4,21471531741409E-4
-3,295	4,21471531741409E-4
-3,29	4,20521531741409E-4
-3,285	4,1956153174141E-4
-3,28	4,1861153174141E-4
-3,275	4,1766153174141E-4
-3,27	4,1956153174141E-4
-3,265	4,1670153174141E-4
-3,26	4,1575153174141E-4
-3,255	4,1670153174141E-4
-3,25	4,1956153174141E-4
-3,245	4,1956153174141E-4
-3,24	4,1766153174141E-4
-3,235	4,1575153174141E-4
-3,23	4,13841531741409E-4
-3,225	4,12891531741409E-4
-3,22	4,12891531741409E-4
-3,215	4,1003153174141E-4
-3,21	4,1003153174141E-4
-3,205	4,0907153174141E-4
-3,2	4,1003153174141E-4
-3,195	4,0907153174141E-4
-3,19	4,1003153174141E-4
-3,185	4,1193153174141E-4
-3,18	4,12891531741409E-4
-3,175	4,12891531741409E-4
-3,17	4,1479153174141E-4
-3,165	4,1479153174141E-4
-3,16	4,1479153174141E-4
-3,155	4,1575153174141E-4
-3,15	4,1766153174141E-4
-3,145	4,1575153174141E-4
-3,14	4,1479153174141E-4
-3,135	4,13841531741409E-4
-3,13	4,13841531741409E-4
-3,125	4,1193153174141E-4
-3,12	4,0907153174141E-4
-3,115	4,0717153174141E-4
-3,11	4,0621153174141E-4
-3,105	4,0240153174141E-4
-3,1	4,0144153174141E-4
-3,095	4,0144153174141E-4
-3,09	3,9858153174141E-4
-3,085	3,9667153174141E-4
-3,08	3,9381153174141E-4
-3,075	3,9667153174141E-4
-3,07	3,9763153174141E-4
-3,065	3,9572153174141E-4
-3,06	3,9572153174141E-4
-3,055	3,9286153174141E-4
-3,05	3,9191153174141E-4
-3,045	3,9095153174141E-4
-3,04	3,9191153174141E-4
-3,035	3,9191153174141E-4
-3,03	3,9286153174141E-4
-3,025	3,9286153174141E-4
-3,02	3,9095153174141E-4
-3,015	3,9095153174141E-4
-3,01	3,9191153174141E-4
-3,005	3,9000153174141E-4
-3	3,8905153174141E-4
-2,995	3,8905153174141E-4
-2,99	3,8714153174141E-4
-2,985	3,8523153174141E-4
-2,98	3,8523153174141E-4
-2,975	3,8332153174141E-4
-2,97	3,8332153174141E-4
-2,965	3,8142153174141E-4
-2,96	3,7855153174141E-4
-2,955	3,7665153174141E-4
-2,95	3,7474153174141E-4
-2,945	3,7855153174141E-4
-2,94	3,7855153174141E-4
-2,935	3,7569153174141E-4
-2,93	3,7569153174141E-4
-2,925	3,7379153174141E-4
-2,92	3,7474153174141E-4
-2,915	3,71881531741409E-4
-2,91	3,6902153174141E-4
-2,905	3,6616153174141E-4
-2,9	3,64251531741409E-4
-2,895	3,6044153174141E-4
-2,89	3,57571531741409E-4
-2,885	3,55671531741409E-4
-2,88	3,5281153174141E-4
-2,875	3,48991531741409E-4
-2,87	3,4708153174141E-4
-2,865	3,4613153174141E-4
-2,86	3,4518153174141E-4
-2,855	3,41361531741409E-4
-2,85	3,3945153174141E-4
-2,845	3,3564153174141E-4
-2,84	3,32781531741409E-4
-2,835	3,3087153174141E-4
-2,83	3,2801153174141E-4
-2,825	3,25151531741409E-4
-2,82	3,2229153174141E-4
-2,815	3,2133153174141E-4
-2,81	3,24201531741409E-4
-2,805	3,2324153174141E-4
-2,8	3,2229153174141E-4
-2,795	3,2133153174141E-4
-2,79	3,2038153174141E-4
-2,785	3,1943153174141E-4
-2,78	3,1847153174141E-4
-2,775	3,16571531741409E-4
-2,77	3,1847153174141E-4
-2,765	3,17521531741409E-4
-2,76	3,1561153174141E-4
-2,755	3,1275153174141E-4
-2,75	3,1180153174141E-4
-2,745	3,0989153174141E-4
-2,74	3,0703153174141E-4
-2,735	3,0608153174141E-4
-2,73	3,0703153174141E-4
-2,725	3,05121531741409E-4
-2,72	3,03211531741409E-4
-2,715	3,01311531741409E-4
-2,71	2,9845153174141E-4
-2,705	2,9559153174141E-4
-2,7	2,9559153174141E-4
-2,695	2,9368153174141E-4
-2,69	2,9368153174141E-4
-2,685	2,9177153174141E-4
-2,68	2,89861531741409E-4
-2,675	2,88911531741409E-4
-2,67	2,9177153174141E-4
-2,665	2,9082153174141E-4
-2,66	2,88911531741409E-4
-2,655	2,87001531741409E-4
-2,65	2,89861531741409E-4
-2,645	2,87961531741409E-4
-2,64	2,86051531741409E-4
-2,635	2,86051531741409E-4
-2,63	2,86051531741409E-4
-2,625	2,8319153174141E-4
-2,62	2,84141531741409E-4
-2,615	2,8223153174141E-4
-2,61	2,8319153174141E-4
-2,605	2,84141531741409E-4
-2,6	2,8128153174141E-4
-2,595	2,7937153174141E-4
-2,59	2,7937153174141E-4
-2,585	2,7651153174141E-4
-2,58	2,7651153174141E-4
-2,575	2,7651153174141E-4
-2,57	2,74601531741409E-4
-2,565	2,73651531741409E-4
-2,56	2,73651531741409E-4
-2,555	2,72701531741409E-4
-2,55	2,71741531741409E-4
-2,545	2,70791531741409E-4
-2,54	2,69841531741409E-4
-2,535	2,67931531741409E-4
-2,53	2,6507153174141E-4
-2,525	2,6602153174141E-4
-2,52	2,6507153174141E-4
-2,515	2,6411153174141E-4
-2,51	2,6697153174141E-4
-2,505	2,6507153174141E-4
-2,5	2,6411153174141E-4
-2,495	2,6221153174141E-4
-2,49	2,6030153174141E-4
-2,485	2,5935153174141E-4
-2,48	2,5744153174141E-4
-2,475	2,54581531741409E-4
-2,47	2,54581531741409E-4
-2,465	2,52671531741409E-4
-2,46	2,51721531741409E-4
-2,455	2,52671531741409E-4
-2,45	2,54581531741409E-4
-2,445	2,54581531741409E-4
-2,44	2,55531531741409E-4
-2,435	2,55531531741409E-4
-2,43	2,55531531741409E-4
-2,425	2,54581531741409E-4
-2,42	2,53621531741409E-4
-2,415	2,52671531741409E-4
-2,41	2,5076153174141E-4
-2,405	2,4886153174141E-4
-2,4	2,4790153174141E-4
-2,395	2,4790153174141E-4
-2,39	2,4695153174141E-4
-2,385	2,4504153174141E-4
-2,38	2,4695153174141E-4
-2,375	2,4695153174141E-4
-2,37	2,4599153174141E-4
-2,365	2,4599153174141E-4
-2,36	2,4790153174141E-4
-2,355	2,51721531741409E-4
-2,35	2,51721531741409E-4
-2,345	2,5076153174141E-4
-2,34	2,4981153174141E-4
-2,335	2,4981153174141E-4
-2,33	2,51721531741409E-4
-2,325	2,51721531741409E-4
-2,32	2,53621531741409E-4
-2,315	2,52671531741409E-4
-2,31	2,52671531741409E-4
-2,305	2,52671531741409E-4
-2,3	2,51721531741409E-4
-2,295	2,52671531741409E-4
-2,29	2,54581531741409E-4
-2,285	2,55531531741409E-4
-2,28	2,56481531741409E-4
-2,275	2,5839153174141E-4
-2,27	2,5839153174141E-4
-2,265	2,5935153174141E-4
-2,26	2,5839153174141E-4
-2,255	2,5935153174141E-4
-2,25	2,6221153174141E-4
-2,245	2,6411153174141E-4
-2,24	2,6507153174141E-4
-2,235	2,6602153174141E-4
-2,23	2,6602153174141E-4
-2,225	2,67931531741409E-4
-2,22	2,68881531741409E-4
-2,215	2,69841531741409E-4
-2,21	2,72701531741409E-4
-2,205	2,72701531741409E-4
-2,2	2,74601531741409E-4
-2,195	2,73651531741409E-4
-2,19	2,74601531741409E-4
-2,185	2,73651531741409E-4
-2,18	2,71741531741409E-4
-2,175	2,69841531741409E-4
-2,17	2,69841531741409E-4
-2,165	2,70791531741409E-4
-2,16	2,70791531741409E-4
-2,155	2,71741531741409E-4
-2,15	2,7651153174141E-4
-2,145	2,8033153174141E-4
-2,14	2,8223153174141E-4
-2,135	2,85091531741409E-4
-2,13	2,87001531741409E-4
-2,125	2,89861531741409E-4
-2,12	2,9272153174141E-4
-2,115	2,9368153174141E-4
-2,11	2,9463153174141E-4
-2,105	2,9845153174141E-4
-2,1	3,01311531741409E-4
-2,095	3,05121531741409E-4
-2,09	3,0608153174141E-4
-2,085	3,0703153174141E-4
-2,08	3,0894153174141E-4
-2,075	3,1084153174141E-4
-2,07	3,1370153174141E-4
-2,065	3,1466153174141E-4
-2,06	3,16571531741409E-4
-2,055	3,1943153174141E-4
-2,05	3,24201531741409E-4
-2,045	3,2038153174141E-4
-2,04	3,2706153174141E-4
-2,035	3,33731531741409E-4
-2,03	3,3564153174141E-4
-2,025	3,3945153174141E-4
-2,02	3,4422153174141E-4
-2,015	3,4422153174141E-4
-2,01	3,4613153174141E-4
-2,005	3,4708153174141E-4
-2	3,48991531741409E-4
-1,995	3,5090153174141E-4
-1,99	3,57571531741409E-4
-1,985	3,6234153174141E-4
-1,98	3,65201531741409E-4
-1,975	3,6806153174141E-4
-1,97	3,70931531741409E-4
-1,965	3,72831531741409E-4
-1,96	3,7569153174141E-4
-1,955	3,7665153174141E-4
-1,95	3,7855153174141E-4
-1,945	3,7951153174141E-4
-1,94	3,80461531741409E-4
-1,935	3,8428153174141E-4
-1,93	3,8523153174141E-4
-1,925	3,8428153174141E-4
-1,92	3,8714153174141E-4
-1,915	3,8714153174141E-4
-1,91	3,8809153174141E-4
-1,905	3,8905153174141E-4
-1,9	3,8905153174141E-4
-1,895	3,9286153174141E-4
-1,89	3,9381153174141E-4
-1,885	3,9381153174141E-4
-1,88	3,9477153174141E-4
-1,875	3,9763153174141E-4
-1,87	3,9954153174141E-4
-1,865	4,0049153174141E-4
-1,86	4,0049153174141E-4
-1,855	4,0335153174141E-4
-1,85	4,05261531741409E-4
-1,845	4,0812153174141E-4
-1,84	4,1003153174141E-4
-1,835	4,13841531741409E-4
-1,83	4,1575153174141E-4
-1,825	4,1670153174141E-4
-1,82	4,1670153174141E-4
-1,815	4,1670153174141E-4
-1,81	4,1956153174141E-4
-1,805	4,20521531741409E-4
-1,8	4,1956153174141E-4
-1,795	4,20521531741409E-4
-1,79	4,20521531741409E-4
-1,785	4,20521531741409E-4
-1,78	4,1956153174141E-4
-1,775	4,1670153174141E-4
-1,77	4,1575153174141E-4
-1,765	4,13841531741409E-4
-1,76	4,0812153174141E-4
-1,755	4,0335153174141E-4
-1,75	3,9954153174141E-4
-1,745	3,9477153174141E-4
-1,74	3,9000153174141E-4
-1,735	3,8618153174141E-4
-1,73	3,80461531741409E-4
-1,725	3,72831531741409E-4
-1,72	3,6616153174141E-4
-1,715	3,6044153174141E-4
-1,71	3,5471153174141E-4
-1,705	3,48991531741409E-4
-1,7	3,4327153174141E-4
-1,695	3,3659153174141E-4
-1,69	3,2896153174141E-4
-1,685	3,1847153174141E-4
-1,68	3,0703153174141E-4
-1,675	2,9272153174141E-4
-1,67	2,7937153174141E-4
-1,665	2,6507153174141E-4
-1,66	2,52671531741409E-4
-1,655	2,36461531741409E-4
-1,65	2,2024153174141E-4
-1,645	2,0117153174141E-4
-1,64	1,8210153174141E-4
-1,635	1,6398153174141E-4
-1,63	1,43001531741409E-4
-1,625	1,24881531741409E-4
-1,62	1,08671531741409E-4
-1,615	8,48215317414097E-5
-1,61	6,86115317414097E-5
-1,605	5,43115317414096E-5
-1,6	4,57215317414095E-5
-1,595	4,66815317414094E-5
-1,59	5,71715317414095E-5
-1,585	8,38715317414097E-5
-1,58	1,2392153174141E-4
-1,575	1,6970153174141E-4
-1,57	2,1548153174141E-4
-1,565	2,6125153174141E-4
-1,56	3,02261531741409E-4
-1,555	3,3659153174141E-4
-1,55	3,5853153174141E-4
-1,545	3,6806153174141E-4
-1,54	3,6616153174141E-4
-1,535	3,57571531741409E-4
-1,53	3,4613153174141E-4
-1,525	3,32781531741409E-4
-1,52	3,1943153174141E-4
-1,515	3,05121531741409E-4
-1,51	2,9082153174141E-4
-1,505	2,7747153174141E-4
-1,5	2,6316153174141E-4
-1,495	2,4790153174141E-4
-1,49	2,3550153174141E-4
-1,485	2,21201531741409E-4
-1,48	2,09751531741409E-4
-1,475	2,0213153174141E-4
-1,47	2,0022153174141E-4
-1,465	2,07851531741409E-4
-1,46	2,2597153174141E-4
-1,455	2,53621531741409E-4
-1,45	2,9272153174141E-4
-1,445	3,4232153174141E-4
-1,44	3,8905153174141E-4
-1,435	4,3959153174141E-4
-1,43	4,8727153174141E-4
-1,425	5,3591153174141E-4
-1,42	5,7597153174141E-4
-1,415	6,14111531741409E-4
-1,41	6,3891153174141E-4
-1,405	6,53211531741409E-4
-1,4	6,5703153174141E-4
-1,395	6,5035153174141E-4
-1,39	6,4272153174141E-4
-1,385	6,28421531741409E-4
-1,38	6,1125153174141E-4
-1,375	5,9409153174141E-4
-1,37	5,7692153174141E-4
-1,365	5,5785153174141E-4
-1,36	5,40681531741409E-4
-1,355	5,24471531741409E-4
-1,35	5,1207153174141E-4
-1,345	4,9776153174141E-4
-1,34	4,8727153174141E-4
-1,335	4,75831531741409E-4
-1,33	4,68201531741409E-4
-1,325	4,60571531741409E-4
-1,32	4,5390153174141E-4
-1,315	4,4913153174141E-4
-1,31	4,4722153174141E-4
-1,305	4,4817153174141E-4
-1,3	4,5103153174141E-4
-1,295	4,52941531741409E-4
-1,29	4,5580153174141E-4
-1,285	4,60571531741409E-4
-1,28	4,7106153174141E-4
-1,275	4,8918153174141E-4
-1,27	5,2161153174141E-4
-1,265	5,6548153174141E-4
-1,26	6,1793153174141E-4
-1,255	6,7419153174141E-4
-1,25	7,3046153174141E-4
-1,245	7,7528153174141E-4
-1,24	8,05801531741409E-4
-1,235	8,21061531741409E-4
-1,23	8,3155153174141E-4
-1,225	8,29641531741409E-4
-1,22	8,1820153174141E-4
-1,215	8,0008153174141E-4
-1,21	7,7910153174141E-4
-1,205	7,5430153174141E-4
-1,2	7,2951153174141E-4
-1,195	7,0567153174141E-4
-1,19	6,7992153174141E-4
-1,185	6,5417153174141E-4
-1,18	6,2746153174141E-4
-1,175	6,0267153174141E-4
-1,17	5,8073153174141E-4
-1,165	5,5880153174141E-4
-1,16	5,40681531741409E-4
-1,155	5,24471531741409E-4
-1,15	5,10161531741409E-4
-1,145	5,0158153174141E-4
-1,14	4,9872153174141E-4
-1,135	5,0253153174141E-4
-1,13	5,1588153174141E-4
-1,125	5,3877153174141E-4
-1,12	5,6929153174141E-4
-1,115	6,0267153174141E-4
-1,11	6,4272153174141E-4
-1,105	6,9136153174141E-4
-1,1	7,4286153174141E-4
-1,095	7,9150153174141E-4
-1,09	8,3823153174141E-4
-1,085	8,8019153174141E-4
-1,08	9,1547153174141E-4
-1,075	9,41221531741409E-4
-1,07	9,5553153174141E-4
-1,065	9,5839153174141E-4
-1,06	9,4408153174141E-4
-1,055	9,2978153174141E-4
-1,05	9,1261153174141E-4
-1,045	8,8782153174141E-4
-1,04	8,6302153174141E-4
-1,035	8,4013153174141E-4
-1,03	8,1534153174141E-4
-1,025	7,9054153174141E-4
-1,02	7,6670153174141E-4
-1,015	7,4477153174141E-4
-1,01	7,3428153174141E-4
-1,005	7,3904153174141E-4
-1	7,7528153174141E-4
-0,995	8,37271531741409E-4
-0,99	9,24061531741409E-4
-0,985	0,00105757153174141
-0,98	0,00124163153174141
-0,975	0,00146956153174141
-0,97	0,00175089153174141
-0,965	0,00215620153174141
-0,96	0,00268931153174141
-0,955	0,00332445153174141
-0,95	0,00404734153174141
-0,945	0,00486464153174141
-0,94	0,00575632153174141
-0,935	0,00669474153174141
-0,93	0,00764269153174141
-0,925	0,00854964153174141
-0,92	0,00940890153174141
-0,915	0,0102118915317414
-0,91	0,0109567115317414
-0,905	0,0116376315317414
-0,9	0,0122146115317414
-0,895	0,0126475715317414
-0,89	0,0130052015317414
-0,885	0,0133132415317414
-0,88	0,0135592915317414
-0,875	0,0137404915317414
-0,87	0,0138864015317414
-0,865	0,0139989315317414
-0,86	0,0140685515317414
-0,855	0,0141019315317414
-0,85	0,0141314915317414
-0,845	0,0141486615317414
-0,84	0,0141429415317414
-0,835	0,0141295815317414
-0,83	0,0141343515317414
-0,825	0,0141686915317414
-0,82	0,0142287715317414
-0,815	0,0143107815317414
-0,81	0,0144195015317414
-0,805	0,0145387115317414
-0,8	0,0146693615317414
-0,795	0,0147943015317414
-0,79	0,0149020615317414
-0,785	0,0149726315317414
-0,78	0,0149964715317414
-0,775	0,0149726315317414
-0,77	0,0149116015317414
-0,765	0,0148334015317414
-0,76	0,0147590115317414
-0,755	0,0147122815317414
-0,75	0,0146960715317414
-0,745	0,0147122815317414
-0,74	0,0147723615317414
-0,735	0,0148686815317414
-0,73	0,0149974315317414
-0,725	0,0151290415317414
-0,72	0,0152606415317414
-0,715	0,0153817615317414
-0,71	0,0154599615317414
-0,705	0,0155038315317414
-0,7	0,0155190915317414
-0,695	0,0155248115317414
-0,69	0,0155047815317414
-0,685	0,0154790315317414
-0,68	0,0154427915317414
-0,675	0,0153941615317414
-0,67	0,0153455215317414
-0,665	0,0153064215317414
-0,66	0,0152711315317414
-0,655	0,0152425215317414
-0,65	0,0152215415317414
-0,645	0,0152101015317414
-0,64	0,0152081915317414
-0,635	0,0152072415317414
-0,63	0,0152110515317414
-0,625	0,0152062815317414
-0,62	0,0152053315317414
-0,615	0,0152158215317414
-0,61	0,0152368015317414
-0,605	0,0152644615317414
-0,6	0,0152959315317414
-0,595	0,0153359815317414
-0,59	0,0153922515317414
-0,585	0,0154599615317414
-0,58	0,0155486515317414
-0,575	0,0156421115317414
-0,57	0,0157336715317414
-0,565	0,0158166315317414
-0,56	0,0158900715317414
-0,555	0,0159272615317414
-0,55	0,0159234515317414
-0,545	0,0158557415317414
-0,54	0,0157470215317414
-0,535	0,0156077815317414
-0,53	0,0154599615317414
-0,525	0,0153445715317414
-0,52	0,0152596915317414
-0,515	0,0152186815317414
-0,51	0,0152196315317414
-0,505	0,0152406215317414
-0,5	0,0152806715317414
-0,495	0,0153350315317414
-0,49	0,0153979715317414
-0,485	0,0154571015317414
-0,48	0,0155238615317414
-0,475	0,0155982415317414
-0,47	0,0156793115317414
-0,465	0,0157613215317414
-0,46	0,0158347515317414
-0,455	0,0158681315317414
-0,45	0,0158671815317414
-0,445	0,0158252215317414
-0,44	0,0157451115317414
-0,435	0,0156297115317414
-0,43	0,0155066915317414
-0,425	0,0154027415317414
-0,42	0,0153140515317414
-0,415	0,0152301215317414
-0,41	0,0151605115317414
-0,405	0,0151204515317414
-0,4	0,0151156815317414
-0,395	0,0151662315317414
-0,39	0,0152472915317414
-0,385	0,0153426615317414
-0,38	0,0154399315317414
-0,375	0,0155114615317414
-0,37	0,0155171815317414
-0,365	0,0154838015317414
-0,36	0,0154733115317414
-0,355	0,0155238615317414
-0,35	0,0156297115317414
-0,345	0,0157765815317414
-0,34	0,0159434715317414
-0,335	0,0160932015317414
-0,33	0,0161838015317414
-0,325	0,0160712715317414
-0,32	0,0158729015317414
-0,315	0,0156735815317414
-0,31	0,0155286315317414
-0,305	0,0154475615317414
-0,3	0,0154351615317414
-0,295	0,0154494715317414
-0,29	0,0154656815317414
-0,285	0,0154542415317414
-0,28	0,0153703215317414
-0,275	0,0152186815317414
-0,27	0,0150622815317414
-0,265	0,0149297215317414
-0,26	0,0148314915317414
-0,255	0,0147618715317414
-0,25	0,0147199115317414
-0,245	0,0146817615317414
-0,24	0,0146712715317414
-0,235	0,0146798515317414
-0,23	0,0147389815317414
-0,225	0,0147971615317414
-0,22	0,0148591515317414
-0,215	0,0148801315317414
-0,21	0,0148553315317414
-0,205	0,0147952515317414
-0,2	0,0146827215317414
-0,195	0,0145205915317414
-0,19	0,0143956615317414
-0,185	0,0143393915317414
-0,18	0,0143193715317414
-0,175	0,0143193715317414
-0,17	0,0143365315317414
-0,165	0,0143661015317414
-0,16	0,0144690915317414
-0,155	0,0146321715317414
-0,15	0,0148162315317414
-0,145	0,0149421215317414
-0,14	0,0150317615317414
-0,135	0,0150947015317414
-0,13	0,0151290415317414
-0,125	0,0151233115317414
-0,12	0,0150937515317414
-0,115	0,0150537015317414
-0,11	0,0150441615317414
-0,105	0,0150289015317414
-0,1	0,0149507015317414
-0,095	0,0148248115317414
-0,09	0,0146560115317414
-0,085	0,0144567015317414
-0,08	0,0142812215317414
-0,075	0,0140485215317414
-0,07	0,0136880315317414
-0,065	0,0129336815317414
-0,06	0,0121173315317414
-0,055	0,0115136615317414
-0,05	0,0109834115317414
-0,045	0,0103768815317414
-0,04	0,00957865153174141
-0,035	0,00856299153174141
-0,03	0,00726218153174141
-0,025	0,00600523153174141
-0,02	0,00523943153174141
-0,015	0,00538535153174141
-0,01	0,00621695153174141
-0,005	0,00826735153174141
0	0,00435061153174141
0,005	4,3387153174141E-4
0,01	0,00222868153174141
0,015	0,00385279153174141
0,02	0,00575919153174141
0,025	0,00754923153174141
0,03	0,00863356153174141
0,035	0,00922198153174141
0,04	0,00962633153174141
0,045	0,0102509915317414
0,05	0,0112342315317414
0,055	0,0122661115317414
0,06	0,0131206015317414
0,065	0,0136670515317414
0,07	0,0139655515317414
0,075	0,0140676015317414
0,08	0,0140599715317414
0,085	0,0139989315317414
0,09	0,0139417115317414
0,095	0,0139750915317414
0,1	0,0141896715317414
0,105	0,0144910315317414
0,11	0,0148038315317414
0,115	0,0150861215317414
0,12	0,0152186815317414
0,125	0,0151509715317414
0,13	0,0149707315317414
0,135	0,0147723615317414
0,14	0,0146388515317414
0,145	0,0145968915317414
0,15	0,0146121415317414
0,155	0,0146197715317414
0,16	0,0145673215317414
0,165	0,0144195015317414
0,17	0,0142659615317414
0,175	0,0141620115317414
0,18	0,0141210015317414
0,185	0,0141324515317414
0,19	0,0141705915317414
0,195	0,0142688215317414
0,2	0,0144338115317414
0,205	0,0146483815317414
0,21	0,0148200515317414
0,215	0,0149058815317414
0,22	0,0149449815317414
0,225	0,0149869415317414
0,23	0,0150622815317414
0,235	0,0151109215317414
0,24	0,0150460715317414
0,245	0,0149201815317414
0,25	0,0148286315317414
0,255	0,0148362615317414
0,26	0,0149459315317414
0,265	0,0151280815317414
0,27	0,0153665015317414
0,275	0,0156068315317414
0,28	0,0158004215317414
0,285	0,0158767215317414
0,29	0,0157746715317414
0,295	0,0155562815317414
0,3	0,0152959315317414
0,305	0,0150660915317414
0,31	0,0149268615317414
0,315	0,0148810815317414
0,32	0,0148944315317414
0,325	0,0149611915317414
0,33	0,0150689515317414
0,335	0,0152005615317414
0,34	0,0153331215317414
0,345	0,0154494715317414
0,35	0,0155515115317414
0,355	0,0156192215317414
0,36	0,0156087315317414
0,365	0,0154780815317414
0,37	0,0152921115317414
0,375	0,0150660915317414
0,38	0,0148629615317414
0,385	0,0146932115317414
0,39	0,0145873515317414
0,395	0,0145358515317414
0,4	0,0145616015317414
0,405	0,0146579215317414
0,41	0,0148229115317414
0,415	0,0150479715317414
0,42	0,0152120115317414
0,425	0,0152902115317414
0,43	0,0152739915317414
0,435	0,0152225015317414
0,44	0,0151566915317414
0,445	0,0151013815317414
0,45	0,0150632315317414
0,455	0,0150575115317414
0,46	0,0150842115317414
0,465	0,0151423915317414
0,47	0,0152263115317414
0,475	0,0152997415317414
0,48	0,0153111915317414
0,485	0,0152587415317414
0,49	0,0151795815317414
0,495	0,0150718215317414
0,5	0,0149583315317414
0,505	0,0148829915317414
0,51	0,0148505615317414
0,515	0,0148715415317414
0,52	0,0149335315317414
0,525	0,0150289015317414
0,53	0,0150870715317414
0,535	0,0151004315317414
0,54	0,0150765815317414
0,545	0,0150413015317414
0,55	0,0150050615317414
0,555	0,0149764515317414
0,56	0,0149764515317414
0,565	0,0150107815317414
0,57	0,0150784915317414
0,575	0,0151366615317414
0,58	0,0151500215317414
0,585	0,0151128215317414
0,59	0,0150498815317414
0,595	0,0149735915317414
0,6	0,0148972915317414
0,605	0,0148229115317414
0,61	0,0147599615317414
0,615	0,0147046515317414
0,62	0,0146464815317414
0,625	0,0145816315317414
0,63	0,0145101015317414
0,635	0,0144414415317414
0,64	0,0143908915317414
0,645	0,0143556115317414
0,65	0,0143575115317414
0,655	0,0143842215317414
0,66	0,0144471615317414
0,665	0,0145472915317414
0,67	0,0146789015317414
0,675	0,0148267215317414
0,68	0,0149592815317414
0,685	0,0150546515317414
0,69	0,0151128215317414
0,695	0,0151137815317414
0,7	0,0150346215317414
0,705	0,0149087415317414
0,71	0,0147618715317414
0,715	0,0146131015317414
0,72	0,0144872115317414
0,725	0,0143947115317414
0,73	0,0143479815317414
0,735	0,0143250915317414
0,74	0,0143317615317414
0,745	0,0143575115317414
0,75	0,0143661015317414
0,755	0,0143575115317414
0,76	0,0143374915317414
0,765	0,0143193715317414
0,77	0,0142936215317414
0,775	0,0142678715317414
0,78	0,0142526115317414
0,785	0,0142373515317414
0,79	0,0142163715317414
0,795	0,0141934815317414
0,8	0,0141667815317414
0,805	0,0141343515317414
0,81	0,0140943015317414
0,815	0,0140466215317414
0,82	0,0140017915317414
0,825	0,0139636515317414
0,83	0,0139264515317414
0,835	0,0138959315317414
0,84	0,0138759115317414
0,845	0,0138587415317414
0,85	0,0138253615317414
0,855	0,0137681415317414
0,86	0,0136823115317414
0,865	0,0135592915317414
0,87	0,0134019315317414
0,875	0,0132131015317414
0,88	0,0129813615317414
0,885	0,0127133815317414
0,89	0,0124091615317414
0,895	0,0120582015317414
0,9	0,0116328715317414
0,905	0,0111436315317414
0,91	0,0105514015317414
0,915	0,00983424153174141
0,92	0,00902647153174141
0,925	0,00814623153174141
0,93	0,00721640153174141
0,935	0,00623602153174141
0,94	0,00532812153174141
0,945	0,00446028153174141
0,95	0,00370020153174141
0,955	0,00301833153174141
0,96	0,00244517153174141
0,965	0,00196642153174141
0,97	0,00158686153174141
0,975	0,00128550153174141
0,98	0,00104803153174141
0,985	8,4776153174141E-4
0,99	6,7801153174141E-4
0,995	5,4449153174141E-4
1	4,5866153174141E-4
1,005	4,12891531741409E-4
1,01	3,9286153174141E-4
1,015	3,8523153174141E-4
1,02	3,9286153174141E-4
1,025	4,1003153174141E-4
1,03	4,29101531741409E-4
1,035	4,5103153174141E-4
1,04	4,7106153174141E-4
1,045	4,9109153174141E-4
1,05	5,1207153174141E-4
1,055	5,2924153174141E-4
1,06	5,4354153174141E-4
1,065	5,56891531741409E-4
1,07	5,64521531741409E-4
1,075	5,6738153174141E-4
1,08	5,6166153174141E-4
1,085	5,4640153174141E-4
1,09	5,2161153174141E-4
1,095	4,9013153174141E-4
1,1	4,52941531741409E-4
1,105	4,1098153174141E-4
1,11	3,6902153174141E-4
1,115	3,25151531741409E-4
1,12	2,8223153174141E-4
1,125	2,4409153174141E-4
1,13	2,1071153174141E-4
1,135	1,8591153174141E-4
1,14	1,7065153174141E-4
1,145	1,6684153174141E-4
1,15	1,6970153174141E-4
1,155	1,7924153174141E-4
1,16	1,93541531741409E-4
1,165	2,1166153174141E-4
1,17	2,3264153174141E-4
1,175	2,51721531741409E-4
1,18	2,72701531741409E-4
1,185	2,9177153174141E-4
1,19	3,1370153174141E-4
1,195	3,3564153174141E-4
1,2	3,5948153174141E-4
1,205	3,8618153174141E-4
1,21	4,1479153174141E-4
1,215	4,4245153174141E-4
1,22	4,67251531741409E-4
1,225	4,9013153174141E-4
1,23	5,0539153174141E-4
1,235	5,0825153174141E-4
1,24	5,0444153174141E-4
1,245	4,8823153174141E-4
1,25	4,5771153174141E-4
1,255	4,1479153174141E-4
1,26	3,6044153174141E-4
1,265	3,05121531741409E-4
1,27	2,4790153174141E-4
1,275	2,0117153174141E-4
1,28	1,6493153174141E-4
1,285	1,3823153174141E-4
1,29	1,2011153174141E-4
1,295	1,1439153174141E-4
1,3	1,1439153174141E-4
1,305	1,2106153174141E-4
1,31	1,3251153174141E-4
1,315	1,4681153174141E-4
1,32	1,6207153174141E-4
1,325	1,7924153174141E-4
1,33	1,9545153174141E-4
1,335	2,1262153174141E-4
1,34	2,2978153174141E-4
1,345	2,4790153174141E-4
1,35	2,6602153174141E-4
1,355	2,85091531741409E-4
1,36	3,03211531741409E-4
1,365	3,2038153174141E-4
1,37	3,3850153174141E-4
1,375	3,5185153174141E-4
1,38	3,63301531741409E-4
1,385	3,6616153174141E-4
1,39	3,55671531741409E-4
1,395	3,3564153174141E-4
1,4	3,02261531741409E-4
1,405	2,5839153174141E-4
1,41	2,07851531741409E-4
1,415	1,55401531741409E-4
1,42	1,0771153174141E-4
1,425	6,76615317414097E-5
1,43	2,85615317414094E-5
1,435	-4,84682585906449E-8
1,44	-2,29384682585904E-5
1,445	-3,24784682585906E-5
1,45	-3,91484682585905E-5
1,455	-3,81984682585905E-5
1,46	-3,24784682585906E-5
1,465	-2,67584682585903E-5
1,47	-2,00784682585905E-5
1,475	-8,63846825859037E-6
1,48	3,76153174140971E-6
1,485	1,71115317414094E-5
1,49	2,95115317414094E-5
1,495	4,57215317414095E-5
1,5	6,00315317414095E-5
1,505	7,71915317414095E-5
1,51	8,95915317414096E-5
1,515	1,0199153174141E-4
1,52	1,09621531741409E-4
1,525	1,0771153174141E-4
1,53	9,53115317414094E-5
1,535	7,14715317414096E-5
1,54	3,23715317414094E-5
1,545	-1,62684682585906E-5
1,55	-6,96684682585905E-5
1,555	-1,2402846825859E-4
1,56	-1,7171846825859E-4
1,565	-2,0508846825859E-4
1,57	-2,2320846825859E-4
1,575	-2,2988846825859E-4
1,58	-2,2893846825859E-4
1,585	-2,1939846825859E-4
1,59	-2,0318846825859E-4
1,595	-1,8220846825859E-4
1,6	-1,62178468258591E-4
1,605	-1,4119846825859E-4
1,61	-1,2116846825859E-4
1,615	-1,0686846825859E-4
1,62	-8,49284682585905E-5
1,625	-7,15784682585904E-5
1,63	-5,15484682585905E-5
1,635	-3,34284682585906E-5
1,64	-1,62684682585906E-5
1,645	-4,84682585906449E-8
1,65	1,33015317414094E-5
1,655	2,66515317414095E-5
1,66	3,80915317414097E-5
1,665	4,57215317414095E-5
1,67	5,33515317414097E-5
1,675	6,09815317414095E-5
1,68	6,57515317414098E-5
1,685	6,95615317414097E-5
1,69	7,24315317414096E-5
1,695	7,71915317414095E-5
1,7	7,91015317414094E-5
1,705	8,29215317414097E-5
1,71	8,38715317414097E-5
1,715	8,57815317414096E-5
1,72	8,67315317414096E-5
1,725	8,57815317414096E-5
1,73	8,67315317414096E-5
1,735	8,76815317414096E-5
1,74	8,67315317414096E-5
1,745	8,95915317414096E-5
1,75	8,95915317414096E-5
1,755	9,05515317414095E-5
1,76	9,15015317414095E-5
1,765	9,24515317414095E-5
1,77	9,24515317414095E-5
1,775	9,24515317414095E-5
1,78	9,34115317414094E-5
1,785	9,34115317414094E-5
1,79	9,24515317414095E-5
1,795	9,34115317414094E-5
1,8	9,24515317414095E-5
1,805	9,15015317414095E-5
1,81	9,05515317414095E-5
1,815	8,86415317414096E-5
1,82	8,57815317414096E-5
1,825	8,57815317414096E-5
1,83	8,67315317414096E-5
1,835	8,67315317414096E-5
1,84	8,57815317414096E-5
1,845	8,48215317414097E-5
1,85	8,48215317414097E-5
1,855	8,29215317414097E-5
1,86	8,29215317414097E-5
1,865	8,19615317414093E-5
1,87	8,19615317414093E-5
1,875	8,00515317414094E-5
1,88	7,81515317414094E-5
1,885	7,62415317414095E-5
1,89	7,62415317414095E-5
1,895	7,62415317414095E-5
1,9	7,52915317414095E-5
1,905	7,62415317414095E-5
1,91	7,43315317414095E-5
1,915	7,62415317414095E-5
1,92	7,62415317414095E-5
1,925	7,52915317414095E-5
1,93	7,43315317414095E-5
1,935	7,62415317414095E-5
1,94	7,52915317414095E-5
1,945	7,81515317414094E-5
1,95	7,91015317414094E-5
1,955	8,00515317414094E-5
1,96	8,29215317414097E-5
1,965	8,29215317414097E-5
1,97	8,38715317414097E-5
1,975	8,67315317414096E-5
1,98	8,86415317414096E-5
1,985	9,15015317414095E-5
1,99	9,53115317414094E-5
1,995	1,0008153174141E-4
2	1,0294153174141E-4
2,005	1,0580153174141E-4
2,01	1,08671531741409E-4
2,015	1,08671531741409E-4
2,02	1,09621531741409E-4
2,025	1,10571531741409E-4
2,03	1,13431531741409E-4
2,035	1,1629153174141E-4
2,04	1,1725153174141E-4
2,045	1,1629153174141E-4
2,05	1,1916153174141E-4
2,055	1,1820153174141E-4
2,06	1,1916153174141E-4
2,065	1,2011153174141E-4
2,07	1,2011153174141E-4
2,075	1,2106153174141E-4
2,08	1,2297153174141E-4
2,085	1,25831531741409E-4
2,09	1,2965153174141E-4
2,095	1,3251153174141E-4
2,1	1,3441153174141E-4
2,105	1,3728153174141E-4
2,11	1,40141531741409E-4
2,115	1,43001531741409E-4
2,12	1,4681153174141E-4
2,125	1,4872153174141E-4
2,13	1,5158153174141E-4
2,135	1,55401531741409E-4
2,14	1,58261531741409E-4
2,145	1,6112153174141E-4
2,15	1,6398153174141E-4
2,155	1,6589153174141E-4
2,16	1,6970153174141E-4
2,165	1,72561531741409E-4
2,17	1,72561531741409E-4
2,175	1,74471531741409E-4
2,18	1,74471531741409E-4
2,185	1,76381531741409E-4
2,19	1,73511531741409E-4
2,195	1,74471531741409E-4
2,2	1,73511531741409E-4
2,205	1,74471531741409E-4
2,21	1,76381531741409E-4
2,215	1,73511531741409E-4
2,22	1,74471531741409E-4
2,225	1,74471531741409E-4
2,23	1,74471531741409E-4
2,235	1,75421531741409E-4
2,24	1,77331531741409E-4
2,245	1,77331531741409E-4
2,25	1,7924153174141E-4
2,255	1,7924153174141E-4
2,26	1,7924153174141E-4
2,265	1,8019153174141E-4
2,27	1,8019153174141E-4
2,275	1,8210153174141E-4
2,28	1,8114153174141E-4
2,285	1,8401153174141E-4
2,29	1,8496153174141E-4
2,295	1,8687153174141E-4
2,3	1,8687153174141E-4
2,305	1,8687153174141E-4
2,31	1,8687153174141E-4
2,315	1,87821531741409E-4
2,32	1,87821531741409E-4
2,325	1,88771531741409E-4
2,33	1,90681531741409E-4
2,335	1,89731531741409E-4
2,34	1,8591153174141E-4
2,345	1,8591153174141E-4
2,35	1,8591153174141E-4
2,355	1,8687153174141E-4
2,36	1,8591153174141E-4
2,365	1,8591153174141E-4
2,37	1,8401153174141E-4
2,375	1,8496153174141E-4
2,38	1,8591153174141E-4
2,385	1,88771531741409E-4
2,39	1,89731531741409E-4
2,395	1,92591531741409E-4
2,4	1,9450153174141E-4
2,405	1,9545153174141E-4
2,41	1,9640153174141E-4
2,415	1,9736153174141E-4
2,42	1,9831153174141E-4
2,425	1,9736153174141E-4
2,43	1,9736153174141E-4
2,435	1,9736153174141E-4
2,44	1,9640153174141E-4
2,445	1,9640153174141E-4
2,45	1,9640153174141E-4
2,455	1,9545153174141E-4
2,46	1,9450153174141E-4
2,465	1,92591531741409E-4
2,47	1,91631531741409E-4
2,475	1,8591153174141E-4
2,48	1,8496153174141E-4
2,485	1,8401153174141E-4
2,49	1,8401153174141E-4
2,495	1,8305153174141E-4
2,5	1,8210153174141E-4
2,505	1,8496153174141E-4
2,51	1,8401153174141E-4
2,515	1,8114153174141E-4
2,52	1,8019153174141E-4
2,525	1,7924153174141E-4
2,53	1,78281531741409E-4
2,535	1,77331531741409E-4
2,54	1,76381531741409E-4
2,545	1,76381531741409E-4
2,55	1,77331531741409E-4
2,555	1,78281531741409E-4
2,56	1,77331531741409E-4
2,565	1,77331531741409E-4
2,57	1,78281531741409E-4
2,575	1,8019153174141E-4
2,58	1,8114153174141E-4
2,585	1,8305153174141E-4
2,59	1,8401153174141E-4
2,595	1,8401153174141E-4
2,6	1,8401153174141E-4
2,605	1,8496153174141E-4
2,61	1,8591153174141E-4
2,615	1,8687153174141E-4
2,62	1,89731531741409E-4
2,625	1,88771531741409E-4
2,63	1,89731531741409E-4
2,635	1,92591531741409E-4
2,64	1,91631531741409E-4
2,645	1,93541531741409E-4
2,65	1,9545153174141E-4
2,655	1,92591531741409E-4
2,66	1,93541531741409E-4
2,665	1,93541531741409E-4
2,67	1,93541531741409E-4
2,675	1,89731531741409E-4
2,68	1,90681531741409E-4
2,685	1,91631531741409E-4
2,69	1,91631531741409E-4
2,695	1,93541531741409E-4
2,7	1,9450153174141E-4
2,705	1,92591531741409E-4
2,71	1,91631531741409E-4
2,715	1,92591531741409E-4
2,72	1,93541531741409E-4
2,725	1,9545153174141E-4
2,73	1,9640153174141E-4
2,735	1,9640153174141E-4
2,74	1,9736153174141E-4
2,745	1,9736153174141E-4
2,75	1,9831153174141E-4
2,755	1,9926153174141E-4
2,76	1,9926153174141E-4
2,765	1,9831153174141E-4
2,77	1,9831153174141E-4
2,775	1,9545153174141E-4
2,78	1,9545153174141E-4
2,785	1,9450153174141E-4
2,79	1,9450153174141E-4
2,795	1,9545153174141E-4
2,8	1,9736153174141E-4
2,805	1,9640153174141E-4
2,81	1,9640153174141E-4
2,815	1,93541531741409E-4
2,82	1,9640153174141E-4
2,825	1,9736153174141E-4
2,83	1,9831153174141E-4
2,835	1,9926153174141E-4
2,84	2,0117153174141E-4
2,845	2,0403153174141E-4
2,85	2,04991531741409E-4
2,855	2,07851531741409E-4
2,86	2,09751531741409E-4
2,865	2,1071153174141E-4
2,87	2,1262153174141E-4
2,875	2,1357153174141E-4
2,88	2,1548153174141E-4
2,885	2,1738153174141E-4
2,89	2,1738153174141E-4
2,895	2,2024153174141E-4
2,9	2,22151531741409E-4
2,905	2,24061531741409E-4
2,91	2,25011531741409E-4
2,915	2,2787153174141E-4
2,92	2,3074153174141E-4
2,925	2,3169153174141E-4
2,93	2,3455153174141E-4
2,935	2,3455153174141E-4
2,94	2,36461531741409E-4
2,945	2,3550153174141E-4
2,95	2,3169153174141E-4
2,955	2,3264153174141E-4
2,96	2,3360153174141E-4
2,965	2,3455153174141E-4
2,97	2,3550153174141E-4
2,975	2,36461531741409E-4
2,98	2,38361531741409E-4
2,985	2,39321531741409E-4
2,99	2,40271531741409E-4
2,995	2,4123153174141E-4
3	2,4218153174141E-4
3,005	2,4313153174141E-4
3,01	2,4218153174141E-4
3,015	2,40271531741409E-4
3,02	2,40271531741409E-4
3,025	2,38361531741409E-4
3,03	2,37411531741409E-4
3,035	2,3455153174141E-4
3,04	2,3264153174141E-4
3,045	2,3074153174141E-4
3,05	2,2978153174141E-4
3,055	2,2883153174141E-4
3,06	2,2787153174141E-4
3,065	2,2597153174141E-4
3,07	2,2692153174141E-4
3,075	2,2787153174141E-4
3,08	2,25011531741409E-4
3,085	2,24061531741409E-4
3,09	2,22151531741409E-4
3,095	2,21201531741409E-4
3,1	2,1834153174141E-4
3,105	2,1643153174141E-4
3,11	2,1548153174141E-4
3,115	2,1452153174141E-4
3,12	2,1548153174141E-4
3,125	2,1643153174141E-4
3,13	2,1738153174141E-4
3,135	2,1548153174141E-4
3,14	2,1548153174141E-4
3,145	2,1643153174141E-4
3,15	2,1643153174141E-4
3,155	2,1738153174141E-4
3,16	2,2024153174141E-4
3,165	2,21201531741409E-4
3,17	2,1929153174141E-4
3,175	2,1643153174141E-4
3,18	2,1738153174141E-4
3,185	2,1643153174141E-4
3,19	2,1643153174141E-4
3,195	2,1548153174141E-4
3,2	2,1548153174141E-4
3,205	2,1262153174141E-4
3,21	2,1166153174141E-4
3,215	2,08801531741409E-4
3,22	2,07851531741409E-4
3,225	2,06891531741409E-4
3,23	2,0403153174141E-4
3,235	2,0022153174141E-4
3,24	1,9926153174141E-4
3,245	1,9831153174141E-4
3,25	1,9736153174141E-4
3,255	1,91631531741409E-4
3,26	1,89731531741409E-4
3,265	1,87821531741409E-4
3,27	1,8401153174141E-4
3,275	1,7924153174141E-4
3,28	1,75421531741409E-4
3,285	1,7065153174141E-4
3,29	1,6684153174141E-4
3,295	1,6112153174141E-4
3,3	1,56351531741409E-4
3,305	1,4872153174141E-4
3,31	1,41091531741409E-4
3,315	1,3155153174141E-4
3,32	1,2392153174141E-4
3,325	1,1820153174141E-4
3,33	1,10571531741409E-4
3,335	1,0580153174141E-4
3,34	1,0199153174141E-4
3,345	9,72215317414094E-5
3,35	9,34115317414094E-5
3,355	8,95915317414096E-5
3,36	8,67315317414096E-5
3,365	8,38715317414097E-5
3,37	7,71915317414095E-5
3,375	7,24315317414096E-5
3,38	6,67015317414098E-5
3,385	6,09815317414095E-5
3,39	5,52615317414096E-5
3,395	4,85815317414094E-5
3,4	4,38215317414095E-5
3,405	4,00015317414096E-5
3,41	3,33215317414094E-5
3,415	2,95115317414094E-5
3,42	2,57015317414095E-5
3,425	2,09315317414097E-5
3,43	1,61615317414094E-5
3,435	1,13915317414095E-5
3,44	6,62153174140964E-6
3,445	3,76153174140971E-6
3,45	-1,00846825859058E-6
3,455	-5,77846825859044E-6
3,46	-8,63846825859037E-6
3,465	-8,63846825859037E-6
3,47	-9,58846825859037E-6
3,475	-1,05384682585904E-5
3,48	-1,05384682585904E-5
3,485	-9,58846825859037E-6
3,49	-8,63846825859037E-6
3,495	-4,81846825859051E-6
3,5	-1,00846825859058E-6
3,505	1,85153174140935E-6
3,51	9,01531741409351E-7
3,515	1,85153174140935E-6
3,52	3,76153174140971E-6
3,525	6,62153174140964E-6
3,53	8,53153174140957E-6
3,535	9,48153174140957E-6
3,54	7,58153174140958E-6
3,545	6,62153174140964E-6
3,55	4,71153174140971E-6
3,555	6,62153174140964E-6
3,56	8,53153174140957E-6
3,565	1,13915317414095E-5
3,57	1,52015317414094E-5
3,575	1,80715317414097E-5
3,58	2,18815317414097E-5
3,585	2,76015317414095E-5
3,59	3,23715317414094E-5
3,595	3,52315317414097E-5
3,6	4,09515317414096E-5
3,605	4,66815317414094E-5
3,61	4,95415317414098E-5
3,615	5,24015317414097E-5
3,62	5,04915317414097E-5
3,625	5,52615317414096E-5
3,63	5,90715317414095E-5
3,635	6,48015317414098E-5
3,64	6,86115317414097E-5
3,645	7,14715317414096E-5
3,65	7,43315317414095E-5
3,655	7,71915317414095E-5
3,66	8,10115317414093E-5
3,665	8,38715317414097E-5
3,67	8,48215317414097E-5
3,675	8,57815317414096E-5
3,68	8,67315317414096E-5
3,685	8,95915317414096E-5
3,69	8,95915317414096E-5
3,695	9,24515317414095E-5
3,7	9,53115317414094E-5
3,705	1,0104153174141E-4
3,71	1,0485153174141E-4
3,715	1,08671531741409E-4
3,72	1,12481531741409E-4
3,725	1,1534153174141E-4
3,73	1,1629153174141E-4
3,735	1,1629153174141E-4
3,74	1,1820153174141E-4
3,745	1,2011153174141E-4
3,75	1,2011153174141E-4
3,755	1,1916153174141E-4
3,76	1,1916153174141E-4
3,765	1,2297153174141E-4
3,77	1,26781531741409E-4
3,775	1,28691531741409E-4
3,78	1,3251153174141E-4
3,785	1,3537153174141E-4
3,79	1,3632153174141E-4
3,795	1,3728153174141E-4
3,8	1,40141531741409E-4
3,805	1,41091531741409E-4
3,81	1,43001531741409E-4
3,815	1,42041531741409E-4
3,82	1,41091531741409E-4
3,825	1,42041531741409E-4
3,83	1,41091531741409E-4
3,835	1,44901531741409E-4
3,84	1,4872153174141E-4
3,845	1,4967153174141E-4
3,85	1,4967153174141E-4
3,855	1,5444153174141E-4
3,86	1,56351531741409E-4
3,865	1,57301531741409E-4
3,87	1,59211531741409E-4
3,875	1,60161531741409E-4
3,88	1,60161531741409E-4
3,885	1,59211531741409E-4
3,89	1,59211531741409E-4
3,895	1,58261531741409E-4
3,9	1,60161531741409E-4
3,905	1,58261531741409E-4
3,91	1,58261531741409E-4
3,915	1,60161531741409E-4
3,92	1,60161531741409E-4
3,925	1,60161531741409E-4
3,93	1,60161531741409E-4
3,935	1,59211531741409E-4
3,94	1,58261531741409E-4
3,945	1,57301531741409E-4
3,95	1,55401531741409E-4
3,955	1,5444153174141E-4
3,96	1,5349153174141E-4
3,965	1,55401531741409E-4
3,97	1,5444153174141E-4
3,975	1,5444153174141E-4
3,98	1,56351531741409E-4
3,985	1,57301531741409E-4
3,99	1,58261531741409E-4
3,995	1,58261531741409E-4
4	1,58261531741409E-4
4,005	1,58261531741409E-4
4,01	1,57301531741409E-4
4,015	1,5349153174141E-4
4,02	1,5253153174141E-4
4,025	1,5158153174141E-4
4,03	1,4872153174141E-4
4,035	1,4681153174141E-4
4,04	1,4586153174141E-4
4,045	1,44901531741409E-4
4,05	1,43001531741409E-4
4,055	1,43001531741409E-4
4,06	1,43951531741409E-4
4,065	1,4586153174141E-4
4,07	1,4586153174141E-4
4,075	1,4777153174141E-4
4,08	1,4872153174141E-4
4,085	1,4967153174141E-4
4,09	1,4967153174141E-4
4,095	1,5158153174141E-4
4,1	1,5158153174141E-4
4,105	1,5158153174141E-4
4,11	1,5158153174141E-4
4,115	1,4872153174141E-4
4,12	1,4681153174141E-4
4,125	1,43951531741409E-4
4,13	1,42041531741409E-4
4,135	1,41091531741409E-4
4,14	1,3918153174141E-4
4,145	1,3537153174141E-4
4,15	1,3346153174141E-4
4,155	1,3346153174141E-4
4,16	1,3441153174141E-4
4,165	1,3346153174141E-4
4,17	1,3346153174141E-4
4,175	1,2965153174141E-4
4,18	1,3155153174141E-4
4,185	1,3251153174141E-4
4,19	1,3155153174141E-4
4,195	1,3060153174141E-4
4,2	1,3060153174141E-4
4,205	1,3251153174141E-4
4,21	1,3346153174141E-4
4,215	1,3441153174141E-4
4,22	1,3632153174141E-4
4,225	1,3728153174141E-4
4,23	1,3918153174141E-4
4,235	1,3918153174141E-4
4,24	1,41091531741409E-4
4,245	1,44901531741409E-4
4,25	1,4777153174141E-4
4,255	1,4681153174141E-4
4,26	1,4872153174141E-4
4,265	1,5253153174141E-4
4,27	1,5349153174141E-4
4,275	1,55401531741409E-4
4,28	1,57301531741409E-4
4,285	1,58261531741409E-4
4,29	1,57301531741409E-4
4,295	1,58261531741409E-4
4,3	1,6112153174141E-4
4,305	1,6302153174141E-4
4,31	1,6493153174141E-4
4,315	1,6302153174141E-4
4,32	1,6302153174141E-4
4,325	1,6398153174141E-4
4,33	1,6398153174141E-4
4,335	1,6589153174141E-4
4,34	1,6779153174141E-4
4,345	1,6875153174141E-4
4,35	1,6970153174141E-4
4,355	1,71611531741409E-4
4,36	1,73511531741409E-4
4,365	1,73511531741409E-4
4,37	1,76381531741409E-4
4,375	1,76381531741409E-4
4,38	1,7924153174141E-4
4,385	1,8305153174141E-4
4,39	1,8401153174141E-4
4,395	1,8305153174141E-4
4,4	1,8210153174141E-4
4,405	1,8210153174141E-4
4,41	1,8305153174141E-4
4,415	1,8401153174141E-4
4,42	1,8210153174141E-4
4,425	1,8210153174141E-4
4,43	1,8019153174141E-4
4,435	1,77331531741409E-4
4,44	1,78281531741409E-4
4,445	1,8019153174141E-4
4,45	1,8114153174141E-4
4,455	1,8114153174141E-4
4,46	1,7924153174141E-4
4,465	1,78281531741409E-4
4,47	1,75421531741409E-4
4,475	1,75421531741409E-4
4,48	1,74471531741409E-4
4,485	1,75421531741409E-4
4,49	1,73511531741409E-4
4,495	1,73511531741409E-4
4,5	1,75421531741409E-4
4,505	1,75421531741409E-4
4,51	1,77331531741409E-4
4,515	1,76381531741409E-4
4,52	1,77331531741409E-4
4,525	1,76381531741409E-4
4,53	1,76381531741409E-4
4,535	1,78281531741409E-4
4,54	1,75421531741409E-4
4,545	1,74471531741409E-4
4,55	1,73511531741409E-4
4,555	1,77331531741409E-4
4,56	1,7924153174141E-4
4,565	1,8114153174141E-4
4,57	1,8019153174141E-4
4,575	1,8019153174141E-4
4,58	1,8210153174141E-4
4,585	1,8401153174141E-4
4,59	1,8591153174141E-4
4,595	1,8687153174141E-4
4,6	1,88771531741409E-4
4,605	1,88771531741409E-4
4,61	1,91631531741409E-4
4,615	1,89731531741409E-4
4,62	1,93541531741409E-4
4,625	1,9640153174141E-4
4,63	1,9831153174141E-4
4,635	1,9831153174141E-4
4,64	2,0117153174141E-4
4,645	2,04991531741409E-4
4,65	2,05941531741409E-4
4,655	2,06891531741409E-4
4,66	2,0403153174141E-4
4,665	2,04991531741409E-4
4,67	2,05941531741409E-4
4,675	2,07851531741409E-4
4,68	2,08801531741409E-4
4,685	2,07851531741409E-4
4,69	2,05941531741409E-4
4,695	2,06891531741409E-4
4,7	2,07851531741409E-4
4,705	2,07851531741409E-4
4,71	2,08801531741409E-4
4,715	2,07851531741409E-4
4,72	2,1071153174141E-4
4,725	2,1071153174141E-4
4,73	2,1452153174141E-4
4,735	2,1452153174141E-4
4,74	2,1262153174141E-4
4,745	2,1357153174141E-4
4,75	2,1452153174141E-4
4,755	2,1643153174141E-4
4,76	2,1452153174141E-4
4,765	2,1548153174141E-4
4,77	2,1548153174141E-4
4,775	2,1452153174141E-4
4,78	2,1548153174141E-4
4,785	2,1834153174141E-4
4,79	2,1738153174141E-4
4,795	2,2024153174141E-4
4,8	2,22151531741409E-4
4,805	2,24061531741409E-4
4,81	2,24061531741409E-4
4,815	2,24061531741409E-4
4,82	2,2787153174141E-4
4,825	2,2787153174141E-4
4,83	2,2978153174141E-4
4,835	2,2978153174141E-4
4,84	2,3169153174141E-4
4,845	2,3169153174141E-4
4,85	2,2883153174141E-4
4,855	2,2883153174141E-4
4,86	2,2978153174141E-4
4,865	2,2883153174141E-4
4,87	2,3074153174141E-4
4,875	2,3169153174141E-4
4,88	2,3169153174141E-4
4,885	2,3264153174141E-4
4,89	2,3264153174141E-4
4,895	2,3455153174141E-4
4,9	2,3074153174141E-4
4,905	2,3264153174141E-4
4,91	2,3264153174141E-4
4,915	2,3074153174141E-4
4,92	2,3169153174141E-4
4,925	2,3360153174141E-4
4,93	2,3264153174141E-4
4,935	2,3074153174141E-4
4,94	2,3074153174141E-4
4,945	2,3169153174141E-4
4,95	2,2883153174141E-4
4,955	2,25011531741409E-4
4,96	2,2597153174141E-4
4,965	2,2597153174141E-4
4,97	2,22151531741409E-4
4,975	2,23111531741409E-4
4,98	2,21201531741409E-4
4,985	2,22151531741409E-4
4,99	2,1929153174141E-4
4,995	2,22151531741409E-4
5	2,25011531741409E-4
5,005	2,2597153174141E-4
5,01	2,2978153174141E-4
5,015	2,3264153174141E-4
5,02	2,3360153174141E-4
5,025	2,37411531741409E-4
5,03	2,40271531741409E-4
5,035	2,4409153174141E-4
5,04	2,4599153174141E-4
5,045	2,4790153174141E-4
5,05	2,52671531741409E-4
5,055	2,52671531741409E-4
5,06	2,52671531741409E-4
5,065	2,52671531741409E-4
5,07	2,53621531741409E-4
5,075	2,5744153174141E-4
5,08	2,5839153174141E-4
5,085	2,6030153174141E-4
5,09	2,6221153174141E-4
5,095	2,6316153174141E-4
5,1	2,6507153174141E-4
5,105	2,6602153174141E-4
5,11	2,6221153174141E-4
5,115	2,6316153174141E-4
5,12	2,6221153174141E-4
5,125	2,6030153174141E-4
5,13	2,6125153174141E-4
5,135	2,6030153174141E-4
5,14	2,6125153174141E-4
5,145	2,6125153174141E-4
5,15	2,6125153174141E-4
5,155	2,6221153174141E-4
5,16	2,6125153174141E-4
5,165	2,6221153174141E-4
5,17	2,6030153174141E-4
5,175	2,5935153174141E-4
5,18	2,5839153174141E-4
5,185	2,5744153174141E-4
5,19	2,54581531741409E-4
5,195	2,54581531741409E-4
5,2	2,5076153174141E-4
5,205	2,51721531741409E-4
5,21	2,5076153174141E-4
5,215	2,4886153174141E-4
5,22	2,4886153174141E-4
5,225	2,4790153174141E-4
5,23	2,4599153174141E-4
5,235	2,4695153174141E-4
5,24	2,4504153174141E-4
5,245	2,4599153174141E-4
5,25	2,4313153174141E-4
5,255	2,4409153174141E-4
5,26	2,4504153174141E-4
5,265	2,4409153174141E-4
5,27	2,4409153174141E-4
5,275	2,4599153174141E-4
5,28	2,4504153174141E-4
5,285	2,4599153174141E-4
5,29	2,4409153174141E-4
5,295	2,4599153174141E-4
5,3	2,4409153174141E-4
5,305	2,4313153174141E-4
5,31	2,4504153174141E-4
5,315	2,4504153174141E-4
5,32	2,4695153174141E-4
5,325	2,4886153174141E-4
5,33	2,4981153174141E-4
5,335	2,51721531741409E-4
5,34	2,51721531741409E-4
5,345	2,4981153174141E-4
5,35	2,51721531741409E-4
5,355	2,51721531741409E-4
5,36	2,52671531741409E-4
5,365	2,54581531741409E-4
5,37	2,55531531741409E-4
5,375	2,5839153174141E-4
5,38	2,6030153174141E-4
5,385	2,6125153174141E-4
5,39	2,6316153174141E-4
5,395	2,6411153174141E-4
5,4	2,6602153174141E-4
5,405	2,6507153174141E-4
5,41	2,6697153174141E-4
5,415	2,67931531741409E-4
5,42	2,68881531741409E-4
5,425	2,69841531741409E-4
5,43	2,70791531741409E-4
5,435	2,72701531741409E-4
5,44	2,74601531741409E-4
5,445	2,7651153174141E-4
5,45	2,7842153174141E-4
5,455	2,8223153174141E-4
5,46	2,85091531741409E-4
5,465	2,87001531741409E-4
5,47	2,9082153174141E-4
5,475	2,9559153174141E-4
5,48	2,9940153174141E-4
5,485	3,01311531741409E-4
5,49	3,03211531741409E-4
5,495	3,0608153174141E-4
5,5	3,0703153174141E-4
5,505	3,0798153174141E-4
5,51	3,0798153174141E-4
5,515	3,0798153174141E-4
5,52	3,0798153174141E-4
5,525	3,0703153174141E-4
5,53	3,0894153174141E-4
5,535	3,1180153174141E-4
5,54	3,1466153174141E-4
5,545	3,1561153174141E-4
5,55	3,1847153174141E-4
5,555	3,2324153174141E-4
5,56	3,2706153174141E-4
5,565	3,3087153174141E-4
5,57	3,33731531741409E-4
5,575	3,3850153174141E-4
5,58	3,4422153174141E-4
5,585	3,48041531741409E-4
5,59	3,5185153174141E-4
5,595	3,55671531741409E-4
5,6	3,57571531741409E-4
5,605	3,5948153174141E-4
5,61	3,63301531741409E-4
5,615	3,6711153174141E-4
5,62	3,6997153174141E-4
5,625	3,71881531741409E-4
5,63	3,70931531741409E-4
5,635	3,72831531741409E-4
5,64	3,7569153174141E-4
5,645	3,7665153174141E-4
5,65	3,7569153174141E-4
5,655	3,7665153174141E-4
5,66	3,7569153174141E-4
5,665	3,7474153174141E-4
5,67	3,72831531741409E-4
5,675	3,71881531741409E-4
5,68	3,70931531741409E-4
5,685	3,6997153174141E-4
5,69	3,6997153174141E-4
5,695	3,6997153174141E-4
5,7	3,6997153174141E-4
5,705	3,6997153174141E-4
5,71	3,70931531741409E-4
5,715	3,71881531741409E-4
5,72	3,71881531741409E-4
5,725	3,71881531741409E-4
5,73	3,71881531741409E-4
5,735	3,71881531741409E-4
5,74	3,72831531741409E-4
5,745	3,7569153174141E-4
5,75	3,7665153174141E-4
5,755	3,7855153174141E-4
5,76	3,7951153174141E-4
5,765	3,7951153174141E-4
5,77	3,80461531741409E-4
5,775	3,8237153174141E-4
5,78	3,8332153174141E-4
5,785	3,8618153174141E-4
5,79	3,9000153174141E-4
5,795	3,9667153174141E-4
5,8	4,0717153174141E-4
5,805	4,22421531741409E-4
5,81	4,4340153174141E-4
5,815	4,69151531741409E-4
5,82	5,0539153174141E-4
5,825	5,5117153174141E-4
5,83	6,0934153174141E-4
5,835	6,9422153174141E-4
5,84	8,13431531741409E-4
5,845	9,7842153174141E-4
5,85	0,00120921153174141
5,855	0,00152869153174141
5,86	0,00186343153174141
5,865	0,00204081153174141
5,87	0,00211615153174141
5,875	0,00214476153174141
5,88	0,00215430153174141
5,885	0,00216002153174141
5,89	0,00216097153174141
5,895	0,00216097153174141
5,9	0,00216097153174141
5,905	0,00216288153174141
5,91	0,00216479153174141
5,915	0,00216765153174141
5,92	0,00216956153174141
5,925	0,00217146153174141
5,93	0,00217242153174141
5,935	0,00217242153174141
5,94	0,00217337153174141
5,945	0,00217432153174141
5,95	0,00217432153174141
5,955	0,00217528153174141
5,96	0,00217623153174141
5,965	0,00217718153174141
5,97	0,00217718153174141
5,975	0,00217814153174141
5,98	0,00217909153174141
5,985	0,00218005153174141
5,99	0,00218195153174141
5,995	0,00218481153174141
6	0,00218577153174141
6,005	0,00218672153174141
6,01	0,00218863153174141
6,015	0,00218958153174141
6,02	0,00218958153174141
6,025	0,00218958153174141
6,03	0,00218958153174141
6,035	0,00219054153174141
6,04	0,00219149153174141
6,045	0,00219244153174141
6,05	0,00219149153174141
6,055	0,00219244153174141
6,06	0,00219244153174141
6,065	0,00219149153174141
6,07	0,00219149153174141
6,075	0,00219149153174141
6,08	0,00219054153174141
6,085	0,00219054153174141
6,09	0,00219054153174141
6,095	0,00218958153174141
6,1	0,00218863153174141
6,105	0,00218768153174141
6,11	0,00218768153174141
6,115	0,00218863153174141
6,12	0,00218958153174141
6,125	0,00218958153174141
6,13	0,00218863153174141
6,135	0,00218863153174141
6,14	0,00218768153174141
6,145	0,00218672153174141
6,15	0,00218672153174141
6,155	0,00218672153174141
6,16	0,00218768153174141
6,165	0,00218768153174141
6,17	0,00218863153174141
6,175	0,00219054153174141
6,18	0,00219149153174141
6,185	0,00219244153174141
6,19	0,00219244153174141
6,195	0,00219244153174141
6,2	0,00219149153174141
6,205	0,00219149153174141
6,21	0,00219149153174141
6,215	0,00219244153174141
6,22	0,00219244153174141
6,225	0,00219435153174141
6,23	0,00219435153174141
6,235	0,00219530153174141
6,24	0,00219626153174141
6,245	0,00219626153174141
6,25	0,00219626153174141
6,255	0,00219626153174141
6,26	0,00219817153174141
6,265	0,00219912153174141
6,27	0,00220007153174141
6,275	0,00220198153174141
6,28	0,00220389153174141
6,285	0,00220484153174141
6,29	0,00220579153174141
6,295	0,00220675153174141
6,3	0,00220675153174141
6,305	0,00220770153174141
6,31	0,00220866153174141
6,315	0,00220961153174141
6,32	0,00221056153174141
6,325	0,00221152153174141
6,33	0,00221152153174141
6,335	0,00221247153174141
6,34	0,00221342153174141
6,345	0,00221438153174141
6,35	0,00221438153174141
6,355	0,00221629153174141
6,36	0,00221724153174141
6,365	0,00221915153174141
6,37	0,00222010153174141
6,375	0,00222105153174141
6,38	0,00222010153174141
6,385	0,00222010153174141
6,39	0,00222010153174141
6,395	0,00221915153174141
6,4	0,00221819153174141
6,405	0,00221629153174141
6,41	0,00221533153174141
6,415	0,00221533153174141
6,42	0,00221533153174141
6,425	0,00221533153174141
6,43	0,00221629153174141
6,435	0,00221724153174141
6,44	0,00221915153174141
6,445	0,00222010153174141
6,45	0,00222105153174141
6,455	0,00222105153174141
6,46	0,00222010153174141
6,465	0,00222010153174141
6,47	0,00222105153174141
6,475	0,00222201153174141
6,48	0,00222201153174141
6,485	0,00222296153174141
6,49	0,00222296153174141
6,495	0,00222296153174141
6,5	0,00222201153174141
6,505	0,00222201153174141
6,51	0,00222105153174141
6,515	0,00222201153174141
6,52	0,00222201153174141
6,525	0,00222201153174141
6,53	0,00222201153174141
6,535	0,00222391153174141
6,54	0,00222487153174141
6,545	0,00222678153174141
6,55	0,00222773153174141
6,555	0,00223059153174141
6,56	0,00223250153174141
6,565	0,00223250153174141
6,57	0,00223250153174141
6,575	0,00223250153174141
6,58	0,00223250153174141
6,585	0,00223250153174141
6,59	0,00223154153174141
6,595	0,00223154153174141
6,6	0,00223154153174141
6,605	0,00223154153174141
6,61	0,00223059153174141
6,615	0,00223154153174141
6,62	0,00223345153174141
6,625	0,00223345153174141
6,63	0,00223345153174141
6,635	0,00223345153174141
6,64	0,00223345153174141
6,645	0,00223345153174141
6,65	0,00223250153174141
6,655	0,00223250153174141
6,66	0,00223154153174141
6,665	0,00223250153174141
6,67	0,00223250153174141
6,675	0,00223345153174141
6,68	0,00223345153174141
6,685	0,00223441153174141
6,69	0,00223631153174141
6,695	0,00223727153174141
6,7	0,00224013153174141
6,705	0,00224299153174141
6,71	0,00224490153174141
6,715	0,00224680153174141
6,72	0,00224966153174141
6,725	0,00225252153174141
6,73	0,00225634153174141
6,735	0,00226111153174141
6,74	0,00226683153174141
6,745	0,00226683153174141
6,75	0,00226683153174141
